CoexP1_B09_F409_R502	[17120, 0, 0, 0, 0]
CoexP1_B09_F409_R506	[0, 0, 0, 0, 15]
CoexP1_B09_F409	[0, 0, 0, 0, 67]
CoexP1_B09_F409_F401	[0, 0, 0, 0, 2]
CoexP1_B09_F409_F409	[0, 0, 0, 0, 35]
CoexP1_B09_R502	[0, 0, 0, 0, 9]
CoexP1_B09_F409_R507	[0, 0, 0, 0, 15]
CoexP1_B09_F409_R508	[0, 0, 0, 0, 4]
CoexP1_B09_R501	[0, 0, 0, 0, 1]
CoexP1_B09_F409_R501	[0, 0, 0, 0, 6]
CoexP1_B09_F409_F404	[0, 0, 0, 0, 2]
CoexP1_B09_F409_F407	[0, 0, 0, 0, 1]
CoexP1_B09_F409_R503	[0, 0, 0, 0, 3]
CoexP1_B09_F408_R505	[0, 0, 0, 0, 1]
CoexP1_B09_F403_F401	[0, 0, 0, 0, 1]
CoexP1_B09_F409_R504	[0, 0, 0, 0, 2]
CoexP1_B09_F409_F402	[0, 0, 0, 0, 2]
CoexP1_B09_F409_F406	[0, 0, 0, 0, 1]
CoexP1_B09_F411_R502	[0, 0, 0, 0, 1]
CoexP1_B09_F401_R502	[0, 0, 0, 0, 1]
CoexP1_B09_F409_F412	[0, 0, 0, 0, 2]
Total	[17120, 0, 0, 0, 171]
