CoexP2_D04_F404_R504	[10207, 0, 0, 0, 0]
CoexP2_D04_F404	[0, 0, 0, 0, 15]
CoexP2_D04_F404_R506	[0, 0, 0, 0, 4]
CoexP2_D04_F404_R501	[0, 0, 0, 0, 4]
CoexP2_D04_R504	[0, 0, 0, 0, 3]
CoexP2_D04_F404_R508	[0, 0, 0, 0, 1]
CoexP2_D04_F404_R505	[0, 0, 0, 0, 4]
CoexP2_D04_F407_R504	[0, 0, 0, 0, 2]
CoexP2_D04_F406_R504	[0, 0, 0, 0, 1]
CoexP2_D04_F404_F404	[0, 0, 0, 0, 4]
CoexP2_D04_F404_F405	[0, 0, 0, 0, 1]
CoexP2_D04_F404_F410	[0, 0, 0, 0, 1]
CoexP2_D04_F404_R503	[0, 0, 0, 0, 1]
Total	[10207, 0, 0, 0, 41]
