CoexP2_D06_F406_R504	[2271, 0, 0, 0, 0]
CoexP2_D06_F406_F406	[0, 0, 0, 0, 22]
CoexP2_D06_F406	[0, 0, 0, 0, 5]
CoexP2_D06_F408_R501	[0, 0, 0, 0, 1]
CoexP2_D06	[0, 0, 0, 0, 2]
CoexP2_D06_F406_R502	[0, 0, 0, 0, 3]
CoexP2_D06_F406_R503	[0, 0, 0, 0, 1]
CoexP2_D06_F412_R504	[0, 0, 0, 0, 1]
CoexP2_D06_F406_R505	[0, 0, 0, 0, 3]
CoexP2_D06_R504	[0, 0, 0, 0, 5]
CoexP2_D06_F406_R501	[0, 0, 0, 0, 1]
CoexP2_D06_F406_R506	[0, 0, 0, 0, 1]
CoexP2_D06_F403_R504	[0, 0, 0, 0, 1]
CoexP2_D06_F406_R508	[0, 0, 0, 0, 1]
CoexP2_D06_F408_R504	[0, 0, 0, 0, 2]
Total	[2271, 0, 0, 0, 49]
