CoexP2_F03_F403_R506	[10451, 0, 0, 0, 0]
CoexP2_F03_F403	[0, 0, 0, 0, 24]
CoexP2_F03_R506	[0, 0, 0, 0, 4]
CoexP2_F03_F403_R501	[0, 0, 0, 0, 10]
CoexP2_F03_F403_R502	[0, 0, 0, 0, 6]
CoexP2_F03_F403_R504	[0, 0, 0, 0, 2]
CoexP2_F03_F403_F403	[0, 0, 0, 0, 7]
CoexP2_F03_F403_R505	[0, 0, 0, 0, 1]
CoexP2_F03_F403_R507	[0, 0, 0, 0, 2]
CoexP2_F03_F403_F407	[0, 0, 0, 0, 1]
CoexP2_F03_F408_R506	[0, 0, 0, 0, 1]
CoexP2_F03_R506_F411	[0, 0, 0, 0, 1]
CoexP2_F03_F403_R503	[0, 0, 0, 0, 1]
Total	[10451, 0, 0, 0, 60]
