CoexP1_C04_F404_R503	[13023, 0, 0, 0, 0]
CoexP1_C04_F404_R502	[0, 0, 0, 0, 3]
CoexP1_C04_F404	[0, 0, 0, 0, 44]
CoexP1_C04_F404_F404	[0, 0, 0, 0, 17]
CoexP1_C04_F404_R506	[0, 0, 0, 0, 4]
CoexP1_C04_R503	[0, 0, 0, 0, 8]
CoexP1_C04_F404_F409	[0, 0, 0, 0, 1]
CoexP1_C04_F404_R501	[0, 0, 0, 0, 4]
CoexP1_C04_F404_R504	[0, 0, 0, 0, 17]
CoexP1_C04_F404_F402	[0, 0, 0, 0, 2]
CoexP1_C04_F404_R507	[0, 0, 0, 0, 4]
CoexP1_C04_F404_R505	[0, 0, 0, 0, 2]
CoexP1_C04_F404_R508	[0, 0, 0, 0, 4]
Total	[13023, 0, 0, 0, 110]
