CoexP2_C07_F407_R503	[11479, 0, 0, 0, 0]
CoexP2_C07_F407_R504	[0, 0, 0, 0, 9]
CoexP2_C07_R503	[0, 0, 0, 0, 7]
CoexP2_C07_F407	[0, 0, 0, 0, 22]
CoexP2_C07_F407_F407	[0, 0, 0, 0, 13]
CoexP2_C07_F407_F401	[0, 0, 0, 0, 1]
CoexP2_C07_F407_R501	[0, 0, 0, 0, 2]
CoexP2_C07_F407_R502	[0, 0, 0, 0, 2]
CoexP2_C07_F407_R508	[0, 0, 0, 0, 2]
CoexP2_C07_F407_R506	[0, 0, 0, 0, 1]
CoexP2_C07_F407_R505	[0, 0, 0, 0, 1]
CoexP2_C07_F407_F412	[0, 0, 0, 0, 1]
CoexP2_C07_F407_R507	[0, 0, 0, 0, 1]
Total	[11479, 0, 0, 0, 62]
