CoexP2_F10_F410_R506	[12022, 0, 0, 0, 0]
CoexP2_F10_F410_F410	[0, 0, 0, 0, 28]
CoexP2_F10_F410	[0, 0, 0, 0, 32]
CoexP2_F10_R506	[0, 0, 0, 0, 20]
CoexP2_F10_F410_R507	[0, 0, 0, 0, 6]
CoexP2_F10_F410_R502	[0, 0, 0, 0, 5]
CoexP2_F10_F410_R501	[0, 0, 0, 0, 5]
CoexP2_F10_F410_R505	[0, 0, 0, 0, 2]
CoexP2_F10_F410_F406	[0, 0, 0, 0, 1]
CoexP2_F10_F411_R507	[0, 0, 0, 0, 1]
CoexP2_F10_F410_F401	[0, 0, 0, 0, 1]
CoexP2_F10_F402_R506	[0, 0, 0, 0, 1]
CoexP2_F10_F408	[0, 0, 0, 0, 1]
CoexP2_F10	[0, 0, 0, 0, 2]
Total	[12022, 0, 0, 0, 105]
