CoexP2_A09_F409_R501	[13902, 0, 0, 0, 0]
CoexP2_A09_R501	[0, 0, 0, 0, 4]
CoexP2_A09_F409_F409	[0, 0, 0, 0, 31]
CoexP2_A09_F409	[0, 0, 0, 0, 27]
CoexP2_A09_F409_R505	[0, 0, 0, 0, 2]
CoexP2_A09_F409_R502	[0, 0, 0, 0, 3]
CoexP2_A09_F409_R504	[0, 0, 0, 0, 2]
CoexP2_A09_F409_R506	[0, 0, 0, 0, 3]
CoexP2_A09_F409_F408	[0, 0, 0, 0, 1]
CoexP2_A09_F409_F410	[0, 0, 0, 0, 1]
CoexP2_A09_F406_R501	[0, 0, 0, 0, 1]
CoexP2_A09_R505	[0, 0, 0, 0, 1]
CoexP2_A09_F407_R501	[0, 0, 0, 0, 1]
CoexP2_A09_F409_F401	[0, 0, 0, 0, 1]
CoexP2_A09	[0, 0, 0, 0, 1]
CoexP2_A09_F409_R508	[0, 0, 0, 0, 1]
CoexP2_A09_F409_F411	[0, 0, 0, 0, 1]
Total	[13902, 0, 0, 0, 81]
