CoexP1_A06_F406_R501	[12835, 0, 0, 1, 0]
CoexP1_A06_F406	[0, 0, 0, 0, 26]
CoexP1_A06_F406_F411	[0, 0, 0, 0, 1]
CoexP1_A06_R501	[0, 0, 0, 0, 15]
CoexP1_A06_F406_R507	[0, 0, 0, 0, 6]
CoexP1_A06_F406_F406	[0, 0, 0, 0, 6]
CoexP1_A06_F406_F412	[0, 0, 0, 0, 1]
CoexP1_A06_R505_R501	[0, 0, 0, 0, 2]
CoexP1_A06_F406_R505	[0, 0, 0, 0, 2]
CoexP1_A06_F406_R506	[0, 0, 0, 0, 7]
CoexP1_A06_F406_F402	[0, 0, 0, 0, 1]
CoexP1_A06_F412_R501	[0, 0, 0, 0, 1]
CoexP1_A06_F411_R501	[0, 0, 0, 0, 1]
CoexP1_A06	[0, 0, 0, 0, 1]
CoexP1_A06_F406_F408	[0, 0, 0, 0, 1]
CoexP1_A06_F406_R503	[0, 0, 0, 0, 1]
Total	[12835, 0, 0, 1, 72]
