CoexP2_B12_F412_R502	[11293, 0, 0, 0, 0]
CoexP2_B12_F412_R505	[0, 0, 0, 0, 2]
CoexP2_B12_F412_F412	[0, 0, 0, 0, 81]
CoexP2_B12_R502	[0, 0, 0, 0, 6]
CoexP2_B12_F412	[0, 0, 0, 0, 19]
CoexP2_B12_F410_R502	[0, 0, 0, 0, 3]
CoexP2_B12_F412_R507	[0, 0, 0, 0, 10]
CoexP2_B12_F412_R506	[0, 0, 0, 0, 4]
CoexP2_B12_F411_R502	[0, 0, 0, 0, 1]
CoexP2_B12_F412_R503	[0, 0, 0, 0, 1]
CoexP2_B12_F412_R501	[0, 0, 0, 0, 1]
CoexP2_B12_F401_R502	[0, 0, 0, 0, 1]
CoexP2_B12_F412_F403	[0, 0, 0, 0, 1]
Total	[11293, 0, 0, 0, 130]
