CoexP1_C05_F405_R503	[10576, 0, 0, 0, 0]
CoexP1_C05_F405	[0, 0, 0, 0, 42]
CoexP1_C05_F405_R501	[0, 0, 0, 0, 2]
CoexP1_C05_F405_R504	[0, 0, 0, 0, 10]
CoexP1_C05_F405_F405	[0, 0, 0, 0, 10]
CoexP1_C05_F405_R508	[0, 0, 0, 0, 6]
CoexP1_C05_F405_F402	[0, 0, 0, 0, 1]
CoexP1_C05_F411_R503	[0, 0, 0, 0, 5]
CoexP1_C05_R503	[0, 0, 0, 0, 11]
CoexP1_C05_F405_R505	[0, 0, 0, 0, 3]
CoexP1_C05_F405_R502	[0, 0, 0, 0, 2]
CoexP1_C05_R503_R503	[0, 0, 0, 0, 1]
CoexP1_C05_F405_R507	[0, 0, 0, 0, 1]
CoexP1_C05_F405_F410	[0, 0, 0, 0, 1]
CoexP1_C05_F405_F401	[0, 0, 0, 0, 1]
Total	[10576, 0, 0, 0, 96]
