CoexP1_A09_F409_R501	[11034, 0, 0, 0, 0]
CoexP1_A09_F409	[0, 0, 0, 0, 38]
CoexP1_A09_F409_F407	[0, 0, 0, 0, 1]
CoexP1_A09_F409_R502	[0, 0, 0, 0, 3]
CoexP1_A09_F409_F409	[0, 0, 0, 0, 9]
CoexP1_A09_F409_R507	[0, 0, 0, 0, 8]
CoexP1_A09_R501	[0, 0, 0, 0, 3]
CoexP1_A09_F409_R505	[0, 0, 0, 0, 2]
CoexP1_A09_F409_F412	[0, 0, 0, 0, 2]
CoexP1_A09_F409_F408	[0, 0, 0, 0, 1]
CoexP1_A09_F409_R506	[0, 0, 0, 0, 1]
CoexP1_A09_F409_F410	[0, 0, 0, 0, 1]
CoexP1_A09_F409_R503	[0, 0, 0, 0, 1]
CoexP1_A09_F409_R504	[0, 0, 0, 0, 1]
Total	[11034, 0, 0, 0, 71]
