CoexP1_D06_F406_R504	[12903, 0, 0, 0, 0]
CoexP1_D06_F406_R501	[0, 0, 0, 0, 4]
CoexP1_D06_R504	[0, 0, 0, 0, 17]
CoexP1_D06_F406_F406	[0, 0, 0, 0, 141]
CoexP1_D06_F406_R505	[0, 0, 0, 0, 4]
CoexP1_D06_F411_R504	[0, 0, 0, 0, 1]
CoexP1_D06_R504_R504	[0, 0, 0, 0, 6]
CoexP1_D06_F406	[0, 0, 0, 0, 23]
CoexP1_D06_F408_R504	[0, 0, 0, 0, 2]
CoexP1_D06	[0, 0, 0, 0, 1]
CoexP1_D06_F406_R506	[0, 0, 0, 0, 5]
CoexP1_D06_F406_F408	[0, 0, 0, 0, 1]
CoexP1_D06_F407	[0, 0, 0, 0, 1]
CoexP1_D06_F406_F412	[0, 0, 0, 0, 1]
CoexP1_D06_F406_R503	[0, 0, 0, 0, 1]
Total	[12903, 0, 0, 0, 208]
