CoexP1_F11_F411_R506	[15192, 0, 0, 0, 0]
CoexP1_F11_F411_R501	[0, 0, 0, 0, 11]
CoexP1_F11_F411	[0, 0, 0, 0, 30]
CoexP1_F11_F411_F411	[0, 0, 0, 0, 54]
CoexP1_F11_F411_F406	[0, 0, 0, 0, 1]
CoexP1_F11_F411_R502	[0, 0, 0, 0, 10]
CoexP1_F11_R506	[0, 0, 0, 0, 6]
CoexP1_F11_R502	[0, 0, 0, 0, 1]
CoexP1_F11_F411_F402	[0, 0, 0, 0, 1]
CoexP1_F11_F411_R505	[0, 0, 0, 0, 7]
CoexP1_F11_F411_R507	[0, 0, 0, 0, 2]
CoexP1_F11_F411_R508	[0, 0, 0, 0, 3]
CoexP1_F11_F411_R504	[0, 0, 0, 0, 1]
CoexP1_F11_F404_R506	[0, 0, 0, 0, 1]
CoexP1_F11_F411_F408	[0, 0, 0, 0, 1]
CoexP1_F11_F410_R506	[0, 0, 0, 0, 1]
CoexP1_F11	[0, 0, 0, 0, 1]
Total	[15192, 0, 0, 0, 131]
