CoexP2_H05_F405_R508	[10621, 0, 0, 0, 0]
CoexP2_H05_F405_R501	[0, 0, 0, 0, 5]
CoexP2_H05_F405_R505	[0, 0, 0, 0, 6]
CoexP2_H05_F405	[0, 0, 0, 0, 21]
CoexP2_H05_F405_F405	[0, 0, 0, 0, 23]
CoexP2_H05_F405_F409	[0, 0, 0, 0, 1]
CoexP2_H05_F411_R508	[0, 0, 0, 0, 2]
CoexP2_H05_F405_F408	[0, 0, 0, 0, 1]
CoexP2_H05_R508	[0, 0, 0, 0, 3]
CoexP2_H05_F402_R508	[0, 0, 0, 0, 1]
CoexP2_H05_F405_F412	[0, 0, 0, 0, 1]
CoexP2_H05_F403_R508	[0, 0, 0, 0, 1]
CoexP2_H05	[0, 0, 0, 0, 1]
CoexP2_H05_F405_F406	[0, 0, 0, 0, 1]
Total	[10621, 0, 0, 0, 67]
