CoexP2_B04_F404_R502	[13338, 0, 0, 0, 0]
CoexP2_B04_F404	[0, 0, 0, 0, 26]
CoexP2_B04_F404_F404	[0, 0, 0, 0, 203]
CoexP2_B04_F404_R506	[0, 0, 0, 0, 20]
CoexP2_B04_R502	[0, 0, 0, 0, 6]
CoexP2_B04_R502_R502	[0, 0, 0, 0, 1]
CoexP2_B04_F404_R501	[0, 0, 0, 0, 3]
CoexP2_B04_F404_R505	[0, 0, 0, 0, 1]
CoexP2_B04_F404_R507	[0, 0, 0, 0, 8]
CoexP2_B04	[0, 0, 0, 0, 2]
CoexP2_B04_F410_R506	[0, 0, 0, 0, 1]
CoexP2_B04_F404_F412	[0, 0, 0, 0, 1]
CoexP2_B04_F404_F402	[0, 0, 0, 0, 1]
CoexP2_B04_F404_R508	[0, 0, 0, 0, 1]
Total	[13338, 0, 0, 0, 274]
