CoexP1_D10_F410_R504	[14602, 0, 0, 0, 0]
CoexP1_D10_F410_R506	[0, 0, 0, 0, 2]
CoexP1_D10_R504	[0, 0, 0, 0, 27]
CoexP1_D10_F410	[0, 0, 0, 0, 19]
CoexP1_D10_F410_R505	[0, 0, 0, 0, 2]
CoexP1_D10_F406	[0, 0, 0, 0, 1]
CoexP1_D10_F410_F410	[0, 0, 0, 0, 9]
CoexP1_D10_F412_R504	[0, 0, 0, 0, 1]
CoexP1_D10_F410_R501	[0, 0, 0, 0, 4]
CoexP1_D10_F410_F401	[0, 0, 0, 0, 1]
CoexP1_D10_F401_R501	[0, 0, 0, 0, 1]
CoexP1_D10_F408	[0, 0, 0, 0, 1]
CoexP1_D10	[0, 0, 0, 0, 2]
CoexP1_D10_F408_R504	[0, 0, 0, 0, 1]
Total	[14602, 0, 0, 0, 71]
