CoexP2_B10_F410_R502	[12077, 0, 0, 0, 0]
CoexP2_B10_F410_F401	[0, 0, 0, 0, 1]
CoexP2_B10_F410_R506	[0, 0, 0, 0, 13]
CoexP2_B10_F410_R507	[0, 0, 0, 0, 10]
CoexP2_B10_F410_F410	[0, 0, 0, 0, 53]
CoexP2_B10_F410_R503	[0, 0, 0, 0, 1]
CoexP2_B10_F410	[0, 0, 0, 0, 23]
CoexP2_B10_R502	[0, 0, 0, 0, 12]
CoexP2_B10_F410_R501	[0, 0, 0, 0, 5]
CoexP2_B10_F410_F407	[0, 0, 0, 0, 1]
CoexP2_B10_F410_F411	[0, 0, 0, 0, 1]
CoexP2_B10_F410_F403	[0, 0, 0, 0, 1]
CoexP2_B10_F410_F408	[0, 0, 0, 0, 1]
CoexP2_B10_F410_F406	[0, 0, 0, 0, 1]
Total	[12077, 0, 0, 0, 123]
