CoexP1_G06_F406_R507	[11996, 0, 0, 0, 0]
CoexP1_G06_F406_F406	[0, 0, 0, 0, 311]
CoexP1_G06_F406_F412	[0, 0, 0, 0, 1]
CoexP1_G06_F406	[0, 0, 0, 0, 48]
CoexP1_G06_R507_R507	[0, 0, 0, 0, 3]
CoexP1_G06_F406_R502	[0, 0, 0, 0, 11]
CoexP1_G06_F406_R501	[0, 0, 0, 0, 7]
CoexP1_G06_R507	[0, 0, 0, 0, 10]
CoexP1_G06_F406_R505	[0, 0, 0, 0, 2]
CoexP1_G06_F406_R506	[0, 0, 0, 0, 6]
CoexP1_G06_F406_R508	[0, 0, 0, 0, 1]
CoexP1_G06_R507_F406	[0, 0, 0, 0, 1]
CoexP1_G06_F411_R507	[0, 0, 0, 0, 1]
CoexP1_G06_F408_R507	[0, 0, 0, 0, 3]
CoexP1_G06_R505_R507	[0, 0, 0, 0, 1]
Total	[11996, 0, 0, 0, 406]
