CoexP1_B05_F405_R502	[6428, 0, 0, 0, 0]
CoexP1_B05_F405	[0, 0, 0, 0, 25]
CoexP1_B05_F411_R502	[0, 0, 0, 0, 7]
CoexP1_B05_F405_R507	[0, 0, 0, 0, 5]
CoexP1_B05_R502	[0, 0, 0, 0, 24]
CoexP1_B05	[0, 0, 0, 0, 1]
CoexP1_B05_F407_R502	[0, 0, 0, 0, 1]
CoexP1_B05_F405_R506	[0, 0, 0, 0, 6]
CoexP1_B05_F405_R501	[0, 0, 0, 0, 2]
CoexP1_B05_F405_F404	[0, 0, 0, 0, 1]
CoexP1_B05_F405_R505	[0, 0, 0, 0, 4]
CoexP1_B05_F405_F401	[0, 0, 0, 0, 1]
CoexP1_B05_F405_F405	[0, 0, 0, 0, 3]
CoexP1_B05_F401_R502	[0, 0, 0, 0, 1]
CoexP1_B05_F405_R508	[0, 0, 0, 0, 1]
CoexP1_B05_F405_F408	[0, 0, 0, 0, 1]
CoexP1_B05_F405_F402	[0, 0, 0, 0, 1]
CoexP1_B05_F402_R502	[0, 0, 0, 0, 1]
CoexP1_B05_F405_F412	[0, 0, 0, 0, 1]
CoexP1_B05_F405_R503	[0, 0, 0, 0, 1]
Total	[6428, 0, 0, 0, 87]
