CoexP2_C05_F405_R503	[9436, 0, 0, 0, 0]
CoexP2_C05_F405	[0, 0, 0, 0, 25]
CoexP2_C05_R503	[0, 0, 0, 0, 10]
CoexP2_C05_F405_R508	[0, 0, 0, 0, 2]
CoexP2_C05_F405_R504	[0, 0, 0, 0, 7]
CoexP2_C05_F405_F405	[0, 0, 0, 0, 4]
CoexP2_C05_F405_R505	[0, 0, 0, 0, 2]
CoexP2_C05_F405_F412	[0, 0, 0, 0, 2]
CoexP2_C05_F405_F409	[0, 0, 0, 0, 2]
CoexP2_C05_F405_R502	[0, 0, 0, 0, 2]
CoexP2_C05_F405_F410	[0, 0, 0, 0, 1]
CoexP2_C05_F405_R507	[0, 0, 0, 0, 1]
CoexP2_C05_F411_R503	[0, 0, 0, 0, 1]
CoexP2_C05_F405_F401	[0, 0, 0, 0, 1]
Total	[9436, 0, 0, 0, 60]
