CoexP2_A06_F406_R501	[11690, 0, 0, 0, 0]
CoexP2_A06_F406_F406	[0, 0, 0, 0, 67]
CoexP2_A06_F406_R507	[0, 0, 0, 0, 2]
CoexP2_A06_R501	[0, 0, 0, 0, 11]
CoexP2_A06_F406	[0, 0, 0, 0, 19]
CoexP2_A06_R505_R501	[0, 0, 0, 0, 1]
CoexP2_A06_F408_R501	[0, 0, 0, 0, 1]
CoexP2_A06	[0, 0, 0, 0, 2]
CoexP2_A06_F406_R503	[0, 0, 0, 0, 1]
CoexP2_A06_F406_R506	[0, 0, 0, 0, 6]
CoexP2_A06_F406_R502	[0, 0, 0, 0, 1]
CoexP2_A06_F406_R505	[0, 0, 0, 0, 4]
CoexP2_A06_F406_F401	[0, 0, 0, 0, 1]
CoexP2_A06_F406_F405	[0, 0, 0, 0, 1]
CoexP2_A06_F410	[0, 0, 0, 0, 1]
Total	[11690, 0, 0, 0, 118]
