CoexP2_D12_F412_R504	[9691, 0, 0, 0, 0]
CoexP2_D12_R504	[0, 0, 0, 0, 11]
CoexP2_D12_F412_F412	[0, 0, 0, 0, 11]
CoexP2_D12_F412	[0, 0, 0, 0, 9]
CoexP2_D12_F410_R504	[0, 0, 0, 0, 3]
CoexP2_D12_F401_R504	[0, 0, 0, 0, 2]
CoexP2_D12_F412_R503	[0, 0, 0, 0, 1]
CoexP2_D12_F412_R505	[0, 0, 0, 0, 4]
CoexP2_D12_F412_R508	[0, 0, 0, 0, 1]
CoexP2_D12_F406_R506	[0, 0, 0, 0, 1]
CoexP2_D12_F406_R504	[0, 0, 0, 0, 1]
CoexP2_D12_F412_R501	[0, 0, 0, 0, 1]
CoexP2_D12_F412_F405	[0, 0, 0, 0, 1]
CoexP2_D12_F403_R504	[0, 0, 0, 0, 1]
CoexP2_D12_F412_R506	[0, 0, 0, 0, 2]
CoexP2_D12_F412_R502	[0, 0, 0, 0, 1]
Total	[9691, 0, 0, 0, 50]
