CoexP1_A04_F404_R501	[11244, 0, 0, 0, 0]
CoexP1_A04_F404	[0, 0, 0, 0, 37]
CoexP1_A04_F404_F404	[0, 0, 0, 0, 6]
CoexP1_A04_R501	[0, 0, 0, 0, 9]
CoexP1_A04_F404_R508	[0, 0, 0, 0, 3]
CoexP1_A04_F403_R501	[0, 0, 0, 0, 2]
CoexP1_A04_F404_R507	[0, 0, 0, 0, 4]
CoexP1_A04_F404_R502	[0, 0, 0, 0, 2]
CoexP1_A04_F404_F406	[0, 0, 0, 0, 1]
CoexP1_A04_F404_R506	[0, 0, 0, 0, 1]
CoexP1_A04_F405_R506	[0, 0, 0, 0, 1]
CoexP1_A04_F404_F412	[0, 0, 0, 0, 3]
CoexP1_A04_F401	[0, 0, 0, 0, 1]
CoexP1_A04_F404_F401	[0, 0, 0, 0, 1]
CoexP1_A04_F404_F408	[0, 0, 0, 0, 1]
Total	[11244, 0, 0, 0, 72]
