CoexP1_A02_F402_R501	[11788, 0, 0, 0, 0]
CoexP1_A02_R501	[0, 0, 0, 0, 37]
CoexP1_A02_F402_R507	[0, 0, 0, 0, 6]
CoexP1_A02_F410_R502	[0, 0, 0, 0, 1]
CoexP1_A02_F402	[0, 0, 0, 0, 45]
CoexP1_A02_F402_R505	[0, 0, 0, 0, 4]
CoexP1_A02_F405_R501	[0, 0, 0, 0, 1]
CoexP1_A02_F402_R502	[0, 0, 0, 0, 1]
CoexP1_A02_F402_F409	[0, 0, 0, 0, 1]
CoexP1_A02_F402_R506	[0, 0, 0, 0, 1]
CoexP1_A02_F411_R501	[0, 0, 0, 0, 3]
CoexP1_A02_F402_F402	[0, 0, 0, 0, 7]
CoexP1_A02_F402_F408	[0, 0, 0, 0, 1]
CoexP1_A02_F402_R503	[0, 0, 0, 0, 2]
CoexP1_A02_F401_R501	[0, 0, 0, 0, 1]
CoexP1_A02_F402_F405	[0, 0, 0, 0, 1]
CoexP1_A02_F402_R508	[0, 0, 0, 0, 1]
Total	[11788, 0, 0, 0, 113]
