CoexP1_B06_F406_R502	[7586, 0, 0, 0, 0]
CoexP1_B06_R502	[0, 0, 0, 0, 13]
CoexP1_B06_F407_R502	[0, 0, 0, 0, 1]
CoexP1_B06_F406_R507	[0, 0, 0, 0, 4]
CoexP1_B06_F406	[0, 0, 0, 0, 25]
CoexP1_B06_F406_F411	[0, 0, 0, 0, 1]
CoexP1_B06_F406_R506	[0, 0, 0, 0, 6]
CoexP1_B06_F412_R502	[0, 0, 0, 0, 1]
CoexP1_B06_R505_R502	[0, 0, 0, 0, 2]
CoexP1_B06_F406_F406	[0, 0, 0, 0, 7]
CoexP1_B06_F406_R505	[0, 0, 0, 0, 2]
CoexP1_B06_F406_F412	[0, 0, 0, 0, 1]
CoexP1_B06_F406_F410	[0, 0, 0, 0, 2]
CoexP1_B06_F406_R501	[0, 0, 0, 0, 3]
CoexP1_B06_F406_R503	[0, 0, 0, 0, 1]
CoexP1_B06_F406_F408	[0, 0, 0, 0, 1]
CoexP1_B06_F406_R508	[0, 0, 0, 0, 1]
Total	[7586, 0, 0, 0, 71]
