CoexP1_C06_F406_R503	[13303, 0, 0, 0, 0]
CoexP1_C06_F406	[0, 0, 0, 0, 30]
CoexP1_C06_F406_R507	[0, 0, 0, 0, 2]
CoexP1_C06_R505_R503	[0, 0, 0, 0, 1]
CoexP1_C06_F406_F406	[0, 0, 0, 0, 28]
CoexP1_C06_R503	[0, 0, 0, 0, 15]
CoexP1_C06_F406_R504	[0, 0, 0, 0, 10]
CoexP1_C06_F406_F412	[0, 0, 0, 0, 1]
CoexP1_C06_F406_R505	[0, 0, 0, 0, 1]
CoexP1_C06	[0, 0, 0, 0, 4]
CoexP1_C06_F406_R506	[0, 0, 0, 0, 3]
CoexP1_C06_F406_R502	[0, 0, 0, 0, 4]
CoexP1_C06_F410_R503	[0, 0, 0, 0, 1]
CoexP1_C06_F406_R501	[0, 0, 0, 0, 1]
CoexP1_C06_R503_R503	[0, 0, 0, 0, 2]
CoexP1_C06_F408	[0, 0, 0, 0, 1]
CoexP1_C06_F406_F408	[0, 0, 0, 0, 1]
CoexP1_C06_F406_R508	[0, 0, 0, 0, 1]
Total	[13303, 0, 0, 0, 106]
