CoexP1_A12_F412_R501	[10829, 0, 0, 0, 0]
CoexP1_A12_R501	[0, 0, 0, 0, 10]
CoexP1_A12_F410_R501	[0, 0, 0, 0, 6]
CoexP1_A12_F412	[0, 0, 0, 0, 45]
CoexP1_A12_F412_F412	[0, 0, 0, 0, 29]
CoexP1_A12_F412_R504	[0, 0, 0, 0, 3]
CoexP1_A12_F412_R507	[0, 0, 0, 0, 10]
CoexP1_A12_F412_R502	[0, 0, 0, 0, 5]
CoexP1_A12_F401_R501	[0, 0, 0, 0, 6]
CoexP1_A12_F412_R506	[0, 0, 0, 0, 7]
CoexP1_A12_F412_F406	[0, 0, 0, 0, 1]
CoexP1_A12_F412_R505	[0, 0, 0, 0, 6]
CoexP1_A12_F412_R508	[0, 0, 0, 0, 2]
CoexP1_A12_F412_F408	[0, 0, 0, 0, 1]
CoexP1_A12_F412_R503	[0, 0, 0, 0, 1]
CoexP1_A12_F412_F409	[0, 0, 0, 0, 1]
CoexP1_A12	[0, 0, 0, 0, 1]
CoexP1_A12_F412_F401	[0, 0, 0, 0, 1]
CoexP1_A12_F402_R501	[0, 0, 0, 0, 1]
Total	[10829, 0, 0, 0, 136]
