CoexP1_C08_F408_R503	[12994, 0, 0, 0, 0]
CoexP1_C08_F408_R508	[0, 0, 0, 0, 3]
CoexP1_C08_F408_R504	[0, 0, 0, 0, 16]
CoexP1_C08_F408	[0, 0, 0, 0, 43]
CoexP1_C08_F408_R505	[0, 0, 0, 0, 2]
CoexP1_C08_R503	[0, 0, 0, 0, 5]
CoexP1_C08_F408_F408	[0, 0, 0, 0, 8]
CoexP1_C08_F408_R501	[0, 0, 0, 0, 4]
CoexP1_C08_F401_R503	[0, 0, 0, 0, 1]
CoexP1_C08_F408_R507	[0, 0, 0, 0, 1]
CoexP1_C08_F408_R502	[0, 0, 0, 0, 4]
CoexP1_C08_F408_R506	[0, 0, 0, 0, 4]
CoexP1_C08_F408_F412	[0, 0, 0, 0, 2]
CoexP1_C08_F410_R503	[0, 0, 0, 0, 1]
CoexP1_C08_F403_R503	[0, 0, 0, 0, 1]
CoexP1_C08_F408_F406	[0, 0, 0, 0, 1]
Total	[12994, 0, 0, 0, 96]
