CoexP1_H05_F405_R508	[10114, 0, 0, 0, 0]
CoexP1_H05_F405	[0, 0, 0, 0, 13]
CoexP1_H05_F405_R501	[0, 0, 0, 0, 2]
CoexP1_H05_F405_F405	[0, 0, 0, 0, 5]
CoexP1_H05_R508	[0, 0, 0, 0, 10]
CoexP1_H05_F405_F412	[0, 0, 0, 0, 1]
CoexP1_H05_F411_R508	[0, 0, 0, 0, 1]
CoexP1_H05_F405_F402	[0, 0, 0, 0, 1]
CoexP1_H05_F406_R505	[0, 0, 0, 0, 1]
CoexP1_H05_F405_R505	[0, 0, 0, 0, 5]
CoexP1_H05_F405_R504	[0, 0, 0, 0, 1]
CoexP1_H05_F405_R507	[0, 0, 0, 0, 2]
CoexP1_H05_F405_R506	[0, 0, 0, 0, 1]
Total	[10114, 0, 0, 0, 43]
