CoexP1_E12_F412_R505	[16717, 0, 0, 0, 0]
CoexP1_E12_F412_R506	[0, 0, 0, 0, 9]
CoexP1_E12_F412_F412	[0, 0, 0, 0, 7]
CoexP1_E12_F412_F402	[0, 0, 0, 0, 1]
CoexP1_E12_F412	[0, 0, 0, 0, 17]
CoexP1_E12_F401_R505	[0, 0, 0, 0, 6]
CoexP1_E12_F412_R508	[0, 0, 0, 0, 4]
CoexP1_E12_F412_R502	[0, 0, 0, 0, 2]
CoexP1_E12_F412_R501	[0, 0, 0, 0, 4]
CoexP1_E12_F412_R503	[0, 0, 0, 0, 1]
CoexP1_E12_R505	[0, 0, 0, 0, 7]
CoexP1_E12_F410_R505	[0, 0, 0, 0, 3]
CoexP1_E12	[0, 0, 0, 0, 1]
CoexP1_E12_R505_R505	[0, 0, 0, 0, 1]
CoexP1_E12_F412_R504	[0, 0, 0, 0, 2]
CoexP1_E12_F402_R505	[0, 0, 0, 0, 1]
Total	[16717, 0, 0, 0, 66]
