CoexP2_F05_F405_R506	[9544, 0, 0, 0, 0]
CoexP2_F05_F405_F405	[0, 0, 0, 0, 44]
CoexP2_F05_F405	[0, 0, 0, 0, 14]
CoexP2_F05_F405_R505	[0, 0, 0, 0, 2]
CoexP2_F05_F405_R502	[0, 0, 0, 0, 5]
CoexP2_F05_R501	[0, 0, 0, 0, 1]
CoexP2_F05_R506	[0, 0, 0, 0, 11]
CoexP2_F05_F405_R501	[0, 0, 0, 0, 10]
CoexP2_F05_F411_R506	[0, 0, 0, 0, 4]
CoexP2_F05_F405_R503	[0, 0, 0, 0, 1]
CoexP2_F05_F405_F401	[0, 0, 0, 0, 1]
CoexP2_F05_F405_F412	[0, 0, 0, 0, 1]
CoexP2_F05_R506_F405	[0, 0, 0, 0, 1]
CoexP2_F05_F405_R504	[0, 0, 0, 0, 1]
CoexP2_F05	[0, 0, 0, 0, 1]
CoexP2_F05_F405_R507	[0, 0, 0, 0, 1]
CoexP2_F05_F405_R508	[0, 0, 0, 0, 1]
CoexP2_F05_F403_R506	[0, 0, 0, 0, 1]
Total	[9544, 0, 0, 0, 100]
