CoexP2_A11_F411_R501	[8582, 0, 0, 0, 0]
CoexP2_A11_F411_F411	[0, 0, 0, 0, 193]
CoexP2_A11_R501	[0, 0, 0, 0, 5]
CoexP2_A11_F411	[0, 0, 0, 0, 11]
CoexP2_A11_R501_F411	[0, 0, 0, 0, 1]
CoexP2_A11_R501_R501	[0, 0, 0, 0, 1]
CoexP2_A11_F411_R508	[0, 0, 0, 0, 2]
CoexP2_A11_F411_R505	[0, 0, 0, 0, 2]
CoexP2_A11_F411_R506	[0, 0, 0, 0, 2]
CoexP2_A11_F411_F401	[0, 0, 0, 0, 1]
CoexP2_A11_F411_F406	[0, 0, 0, 0, 1]
CoexP2_A11_F411_F410	[0, 0, 0, 0, 1]
CoexP2_A11_F411_R507	[0, 0, 0, 0, 1]
Total	[8582, 0, 0, 0, 221]
