CoexP2_G06_F406_R507	[13605, 0, 0, 0, 0]
CoexP2_G06_F406_F406	[0, 0, 0, 0, 76]
CoexP2_G06_F406	[0, 0, 0, 0, 35]
CoexP2_G06_R507	[0, 0, 0, 0, 17]
CoexP2_G06_F406_R501	[0, 0, 0, 0, 12]
CoexP2_G06_F406_R502	[0, 0, 0, 0, 10]
CoexP2_G06_F404_R507	[0, 0, 0, 0, 1]
CoexP2_G06_R507_R507	[0, 0, 0, 0, 2]
CoexP2_G06_F409_R507	[0, 0, 0, 0, 1]
CoexP2_G06_F406_R506	[0, 0, 0, 0, 2]
CoexP2_G06_F406_R508	[0, 0, 0, 0, 1]
CoexP2_G06_F406_R503	[0, 0, 0, 0, 1]
CoexP2_G06_F406_F402	[0, 0, 0, 0, 1]
CoexP2_G06_F411_R507	[0, 0, 0, 0, 1]
CoexP2_G06_F406_R504	[0, 0, 0, 0, 1]
CoexP2_G06_F402	[0, 0, 0, 0, 1]
Total	[13605, 0, 0, 0, 162]
