CoexP2_C12_F412_R503	[10114, 0, 0, 0, 0]
CoexP2_C12_F412_F412	[0, 0, 0, 0, 27]
CoexP2_C12_F412_R504	[0, 0, 0, 0, 14]
CoexP2_C12_F412	[0, 0, 0, 0, 20]
CoexP2_C12_F412_R505	[0, 0, 0, 0, 1]
CoexP2_C12_R503	[0, 0, 0, 0, 7]
CoexP2_C12_F412_F410	[0, 0, 0, 0, 1]
CoexP2_C12_F406_R503	[0, 0, 0, 0, 1]
CoexP2_C12_F412_R506	[0, 0, 0, 0, 1]
CoexP2_C12_R503_R503	[0, 0, 0, 0, 1]
CoexP2_C12_F412_R502	[0, 0, 0, 0, 1]
CoexP2_C12_F410_R503	[0, 0, 0, 0, 1]
CoexP2_C12_F412_R508	[0, 0, 0, 0, 1]
CoexP2_C12_F402_R503	[0, 0, 0, 0, 1]
CoexP2_C12_F401_R503	[0, 0, 0, 0, 1]
Total	[10114, 0, 0, 0, 78]
