CoexP2_G12_F412_R507	[11623, 0, 0, 0, 0]
CoexP2_G12_F412_F412	[0, 0, 0, 0, 83]
CoexP2_G12_F412	[0, 0, 0, 0, 29]
CoexP2_G12_F412_R502	[0, 0, 0, 0, 8]
CoexP2_G12_F412_R506	[0, 0, 0, 0, 27]
CoexP2_G12_F401_R502	[0, 0, 0, 0, 1]
CoexP2_G12_F412_R501	[0, 0, 0, 0, 11]
CoexP2_G12_R507	[0, 0, 0, 0, 4]
CoexP2_G12_F410_R507	[0, 0, 0, 0, 2]
CoexP2_G12_F412_F401	[0, 0, 0, 0, 1]
CoexP2_G12_F412_R508	[0, 0, 0, 0, 2]
CoexP2_G12_F412_R504	[0, 0, 0, 0, 1]
CoexP2_G12_F412_R503	[0, 0, 0, 0, 2]
CoexP2_G12_F412_R505	[0, 0, 0, 0, 2]
CoexP2_G12_F401_R507	[0, 0, 0, 0, 1]
CoexP2_G12_F409_R507	[0, 0, 0, 0, 1]
CoexP2_G12_F412_F408	[0, 0, 0, 0, 1]
Total	[11623, 0, 0, 0, 176]
