CoexP1_C09_F409_R503	[15183, 0, 0, 0, 0]
CoexP1_C09_F409	[0, 0, 0, 0, 27]
CoexP1_C09_F409_R508	[0, 0, 0, 0, 9]
CoexP1_C09_F409_R507	[0, 0, 0, 0, 4]
CoexP1_C09_F409_F412	[0, 0, 0, 0, 1]
CoexP1_C09_F409_R504	[0, 0, 0, 0, 13]
CoexP1_C09_R503	[0, 0, 0, 0, 4]
CoexP1_C09_F409_R502	[0, 0, 0, 0, 4]
CoexP1_C09_F409_F409	[0, 0, 0, 0, 19]
CoexP1_C09_F409_R501	[0, 0, 0, 0, 4]
CoexP1_C09_F409_R506	[0, 0, 0, 0, 3]
CoexP1_C09_F409_R505	[0, 0, 0, 0, 2]
CoexP1_C09_F409_F401	[0, 0, 0, 0, 1]
CoexP1_C09	[0, 0, 0, 0, 1]
CoexP1_C09_F409_F406	[0, 0, 0, 0, 1]
Total	[15183, 0, 0, 0, 93]
