CoexP2_E02_F402_R505	[10879, 0, 0, 0, 0]
CoexP2_E02_F412_R505	[0, 0, 0, 0, 1]
CoexP2_E02_F402_F402	[0, 0, 0, 0, 14]
CoexP2_E02_R505	[0, 0, 0, 0, 11]
CoexP2_E02_F402_R506	[0, 0, 0, 0, 5]
CoexP2_E02_F402	[0, 0, 0, 0, 11]
CoexP2_E02_F402_R502	[0, 0, 0, 0, 2]
CoexP2_E02_F402_R501	[0, 0, 0, 0, 4]
CoexP2_E02	[0, 0, 0, 0, 1]
CoexP2_E02_F402_R508	[0, 0, 0, 0, 1]
CoexP2_E02_F402_F401	[0, 0, 0, 0, 1]
CoexP2_E02_F411_R505	[0, 0, 0, 0, 1]
CoexP2_E02_F402_F410	[0, 0, 0, 0, 1]
CoexP2_E02_R505_R505	[0, 0, 0, 0, 1]
Total	[10879, 0, 0, 0, 54]
