CoexP2_E07_F407_R505	[11779, 0, 0, 0, 0]
CoexP2_E07_R505	[0, 0, 0, 0, 8]
CoexP2_E07_F407_R508	[0, 0, 0, 0, 1]
CoexP2_E07_F407_F406	[0, 0, 0, 0, 1]
CoexP2_E07_F407	[0, 0, 0, 0, 12]
CoexP2_E07_F407_R501	[0, 0, 0, 0, 4]
CoexP2_E07_F403_R505	[0, 0, 0, 0, 1]
CoexP2_E07_F407_F407	[0, 0, 0, 0, 10]
CoexP2_E07_F407_R504	[0, 0, 0, 0, 1]
CoexP2_E07_F407_R507	[0, 0, 0, 0, 1]
CoexP2_E07_F407_R506	[0, 0, 0, 0, 1]
CoexP2_E07_F409_R505	[0, 0, 0, 0, 1]
CoexP2_E07_F407_F402	[0, 0, 0, 0, 1]
Total	[11779, 0, 0, 0, 42]
