CoexP1_F07_F407_R506	[13693, 0, 0, 0, 0]
CoexP1_F07_F407	[0, 0, 0, 0, 23]
CoexP1_F07_F407_F407	[0, 0, 0, 0, 11]
CoexP1_F07_F406_R506	[0, 0, 0, 0, 1]
CoexP1_F07_R506	[0, 0, 0, 0, 5]
CoexP1_F07_F407_F402	[0, 0, 0, 0, 1]
CoexP1_F07_F407_R502	[0, 0, 0, 0, 8]
CoexP1_F07_F407_R505	[0, 0, 0, 0, 7]
CoexP1_F07_F407_R507	[0, 0, 0, 0, 3]
CoexP1_F07_F407_R501	[0, 0, 0, 0, 8]
CoexP1_F07_F407_R504	[0, 0, 0, 0, 1]
CoexP1_F07_F412_R506	[0, 0, 0, 0, 2]
CoexP1_F07_F407_R503	[0, 0, 0, 0, 1]
Total	[13693, 0, 0, 0, 71]
