CoexP2_E04_F404_R505	[11770, 0, 0, 0, 0]
CoexP2_E04_F404_R506	[0, 0, 0, 0, 1]
CoexP2_E04_F404	[0, 0, 0, 0, 24]
CoexP2_E04_F404_F404	[0, 0, 0, 0, 10]
CoexP2_E04	[0, 0, 0, 0, 1]
CoexP2_E04_R505	[0, 0, 0, 0, 3]
CoexP2_E04_F403_R505	[0, 0, 0, 0, 1]
CoexP2_E04_F407_R505	[0, 0, 0, 0, 1]
CoexP2_E04_F404_R508	[0, 0, 0, 0, 1]
CoexP2_E04_F404_F411	[0, 0, 0, 0, 1]
CoexP2_E04_F404_F412	[0, 0, 0, 0, 1]
CoexP2_E04_F404_R504	[0, 0, 0, 0, 1]
CoexP2_E04_F404_R507	[0, 0, 0, 0, 1]
CoexP2_E04_F404_F406	[0, 0, 0, 0, 1]
Total	[11770, 0, 0, 0, 47]
