CoexP1_F03_F403_R506	[10789, 0, 0, 0, 0]
CoexP1_F03_R506	[0, 0, 0, 0, 1]
CoexP1_F03_F403_F403	[0, 0, 0, 0, 61]
CoexP1_F03_F403	[0, 0, 0, 0, 16]
CoexP1_F03_F403_F402	[0, 0, 0, 0, 1]
CoexP1_F03_R505_R506	[0, 0, 0, 0, 1]
CoexP1_F03_F403_R501	[0, 0, 0, 0, 3]
CoexP1_F03_F403_R502	[0, 0, 0, 0, 5]
CoexP1_F03_F404_R506	[0, 0, 0, 0, 1]
CoexP1_F03_F402_R506	[0, 0, 0, 0, 1]
CoexP1_F03_F403_R507	[0, 0, 0, 0, 3]
CoexP1_F03_R505	[0, 0, 0, 0, 1]
CoexP1_F03_F403_F410	[0, 0, 0, 0, 1]
CoexP1_F03_R506_R506	[0, 0, 0, 0, 1]
Total	[10789, 0, 0, 0, 96]
