CoexP1_A10_F410_R501	[14730, 0, 0, 0, 0]
CoexP1_A10_F410	[0, 0, 0, 0, 35]
CoexP1_A10_F410_F410	[0, 0, 0, 0, 14]
CoexP1_A10_F410_R503	[0, 0, 0, 0, 1]
CoexP1_A10_R501	[0, 0, 0, 0, 46]
CoexP1_A10_F410_R507	[0, 0, 0, 0, 5]
CoexP1_A10_F410_R502	[0, 0, 0, 0, 3]
CoexP1_A10_F410_R505	[0, 0, 0, 0, 6]
CoexP1_A10_F410_F411	[0, 0, 0, 0, 1]
CoexP1_A10_F410_R506	[0, 0, 0, 0, 4]
CoexP1_A10_F410_R504	[0, 0, 0, 0, 1]
CoexP1_A10_F410_F402	[0, 0, 0, 0, 1]
CoexP1_A10_F410_F412	[0, 0, 0, 0, 3]
CoexP1_A10_F410_F409	[0, 0, 0, 0, 1]
CoexP1_A10	[0, 0, 0, 0, 1]
CoexP1_A10_F408_R501	[0, 0, 0, 0, 1]
CoexP1_A10_F402_R501	[0, 0, 0, 0, 1]
Total	[14730, 0, 0, 0, 124]
