CoexP1_C07_F407_R503	[15856, 0, 0, 0, 0]
CoexP1_C07_R503	[0, 0, 0, 0, 17]
CoexP1_C07_F407_F407	[0, 0, 0, 0, 8]
CoexP1_C07_F407	[0, 0, 0, 0, 49]
CoexP1_C07_F407_R508	[0, 0, 0, 0, 8]
CoexP1_C07_F407_R504	[0, 0, 0, 0, 9]
CoexP1_C07_F407_F402	[0, 0, 0, 0, 1]
CoexP1_C07_F407_F408	[0, 0, 0, 0, 1]
CoexP1_C07_F407_R505	[0, 0, 0, 0, 1]
CoexP1_C07_F407_R502	[0, 0, 0, 0, 4]
CoexP1_C07_F407_R506	[0, 0, 0, 0, 2]
CoexP1_C07_F407_R501	[0, 0, 0, 0, 2]
CoexP1_C07_F407_R507	[0, 0, 0, 0, 1]
CoexP1_C07_F407_F404	[0, 0, 0, 0, 2]
Total	[15856, 0, 0, 0, 105]
