CoexP1_G12_F412_R507	[13125, 0, 0, 0, 0]
CoexP1_G12_F412_F412	[0, 0, 0, 0, 131]
CoexP1_G12_F401_R507	[0, 0, 0, 0, 2]
CoexP1_G12_R507	[0, 0, 0, 0, 4]
CoexP1_G12_F412_R502	[0, 0, 0, 0, 12]
CoexP1_G12_F412_R506	[0, 0, 0, 0, 22]
CoexP1_G12_F412	[0, 0, 0, 0, 40]
CoexP1_G12_F412_R501	[0, 0, 0, 0, 13]
CoexP1_G12_F410_R507	[0, 0, 0, 0, 3]
CoexP1_G12_F412_F408	[0, 0, 0, 0, 1]
CoexP1_G12	[0, 0, 0, 0, 2]
CoexP1_G12_F412_R505	[0, 0, 0, 0, 1]
CoexP1_G12_F412_R504	[0, 0, 0, 0, 1]
CoexP1_G12_F402_R507	[0, 0, 0, 0, 1]
CoexP1_G12_F408	[0, 0, 0, 0, 1]
Total	[13125, 0, 0, 0, 234]
