CoexP2_A12_F412_R501	[8939, 0, 0, 0, 0]
CoexP2_A12_F412_F412	[0, 0, 0, 0, 486]
CoexP2_A12_R501_R501	[0, 0, 0, 0, 7]
CoexP2_A12_F412	[0, 0, 0, 0, 23]
CoexP2_A12_R501	[0, 0, 0, 0, 4]
CoexP2_A12_F412_R507	[0, 0, 0, 0, 6]
CoexP2_A12	[0, 0, 0, 0, 1]
CoexP2_A12_F410_R501	[0, 0, 0, 0, 2]
CoexP2_A12_F401_R501	[0, 0, 0, 0, 3]
CoexP2_A12_F412_R506	[0, 0, 0, 0, 5]
CoexP2_A12_F412_F403	[0, 0, 0, 0, 1]
CoexP2_A12_F412_F402	[0, 0, 0, 0, 1]
CoexP2_A12_F412_R508	[0, 0, 0, 0, 1]
CoexP2_A12_F412_F408	[0, 0, 0, 0, 1]
CoexP2_A12_F412_R503	[0, 0, 0, 0, 1]
CoexP2_A12_F403_R501	[0, 0, 0, 0, 1]
CoexP2_A12_F412_R504	[0, 0, 0, 0, 1]
CoexP2_A12_R501_F412	[0, 0, 0, 0, 1]
Total	[8939, 0, 0, 0, 545]
