CoexP2_E12_F412_R505	[12182, 0, 0, 0, 0]
CoexP2_E12_F412_R501	[0, 0, 0, 0, 4]
CoexP2_E12_F412_F412	[0, 0, 0, 0, 18]
CoexP2_E12_F412	[0, 0, 0, 0, 16]
CoexP2_E12_F412_R504	[0, 0, 0, 0, 1]
CoexP2_E12_R505	[0, 0, 0, 0, 6]
CoexP2_E12_F412_R502	[0, 0, 0, 0, 2]
CoexP2_E12_F410_R505	[0, 0, 0, 0, 5]
CoexP2_E12	[0, 0, 0, 0, 1]
CoexP2_E12_R501	[0, 0, 0, 0, 1]
CoexP2_E12_F401_R505	[0, 0, 0, 0, 3]
CoexP2_E12_F412_R508	[0, 0, 0, 0, 4]
CoexP2_E12_F412_R506	[0, 0, 0, 0, 2]
CoexP2_E12_F412_F402	[0, 0, 0, 0, 1]
Total	[12182, 0, 0, 0, 64]
