CoexP2_A08_F408_R501	[10629, 0, 0, 0, 0]
CoexP2_A08_F408_F408	[0, 0, 0, 0, 711]
CoexP2_A08_F408	[0, 0, 0, 0, 27]
CoexP2_A08_R501_R501	[0, 0, 0, 0, 5]
CoexP2_A08_F408_R508	[0, 0, 0, 0, 3]
CoexP2_A08_F408_F402	[0, 0, 0, 0, 1]
CoexP2_A08_R501	[0, 0, 0, 0, 4]
CoexP2_A08	[0, 0, 0, 0, 3]
CoexP2_A08_R501_F408	[0, 0, 0, 0, 1]
CoexP2_A08_F408_R507	[0, 0, 0, 0, 3]
CoexP2_A08_F408_R506	[0, 0, 0, 0, 1]
CoexP2_A08_F404	[0, 0, 0, 0, 1]
CoexP2_A08_F408_F403	[0, 0, 0, 0, 1]
CoexP2_A08_F408_F410	[0, 0, 0, 0, 1]
CoexP2_A08_F405_R505	[0, 0, 0, 0, 1]
Total	[10629, 0, 0, 0, 763]
