CoexP2_B01_F401_R502	[10946, 0, 0, 0, 0]
CoexP2_B01_F401_F401	[0, 0, 0, 0, 113]
CoexP2_B01_F401	[0, 0, 0, 0, 26]
CoexP2_B01_R502	[0, 0, 0, 0, 12]
CoexP2_B01_F401_F408	[0, 0, 0, 0, 1]
CoexP2_B01_F401_R506	[0, 0, 0, 0, 7]
CoexP2_B01_F401_R507	[0, 0, 0, 0, 5]
CoexP2_B01_F401_F412	[0, 0, 0, 0, 1]
CoexP2_B01_F401_R501	[0, 0, 0, 0, 1]
CoexP2_B01_F401_F410	[0, 0, 0, 0, 1]
CoexP2_B01_F408_R501	[0, 0, 0, 0, 1]
CoexP2_B01	[0, 0, 0, 0, 1]
CoexP2_B01_R506	[0, 0, 0, 0, 1]
CoexP2_B01_F411_R502	[0, 0, 0, 0, 1]
CoexP2_B01_F401_F404	[0, 0, 0, 0, 1]
Total	[10946, 0, 0, 0, 172]
