CoexP1_C03_F403_R503	[11385, 0, 0, 0, 0]
CoexP1_C03_F403_R508	[0, 0, 0, 0, 6]
CoexP1_C03_F403	[0, 0, 0, 0, 31]
CoexP1_C03_F403_F403	[0, 0, 0, 0, 5]
CoexP1_C03_F403_R501	[0, 0, 0, 0, 3]
CoexP1_C03_F403_R502	[0, 0, 0, 0, 6]
CoexP1_C03_R505_R503	[0, 0, 0, 0, 3]
CoexP1_C03_F403_R504	[0, 0, 0, 0, 8]
CoexP1_C03	[0, 0, 0, 0, 1]
CoexP1_C03_R503	[0, 0, 0, 0, 6]
CoexP1_C03_F403_R505	[0, 0, 0, 0, 1]
CoexP1_C03_R505	[0, 0, 0, 0, 1]
CoexP1_C03_F403_F408	[0, 0, 0, 0, 1]
CoexP1_C03_F403_R507	[0, 0, 0, 0, 1]
CoexP1_C03_F403_F402	[0, 0, 0, 0, 1]
Total	[11385, 0, 0, 0, 74]
