CoexP2_F02_F402_R506	[11555, 0, 0, 0, 0]
CoexP2_F02_F402_R502	[0, 0, 0, 0, 6]
CoexP2_F02_R506	[0, 0, 0, 0, 12]
CoexP2_F02_F402_F408	[0, 0, 0, 0, 1]
CoexP2_F02_F402	[0, 0, 0, 0, 29]
CoexP2_F02_F402_R501	[0, 0, 0, 0, 8]
CoexP2_F02_F402_F406	[0, 0, 0, 0, 1]
CoexP2_F02_F402_F402	[0, 0, 0, 0, 7]
CoexP2_F02_F402_F404	[0, 0, 0, 0, 1]
CoexP2_F02_F402_R503	[0, 0, 0, 0, 1]
CoexP2_F02_F402_R508	[0, 0, 0, 0, 1]
CoexP2_F02_F402_R505	[0, 0, 0, 0, 4]
CoexP2_F02_F411_R506	[0, 0, 0, 0, 1]
CoexP2_F02_F402_R507	[0, 0, 0, 0, 2]
CoexP2_F02_F402_R504	[0, 0, 0, 0, 1]
Total	[11555, 0, 0, 0, 75]
