CoexP1_F09_F409_R506	[12303, 0, 0, 0, 0]
CoexP1_F09_F409_F409	[0, 0, 0, 0, 33]
CoexP1_F09_F409	[0, 0, 0, 0, 26]
CoexP1_F09_F409_R505	[0, 0, 0, 0, 1]
CoexP1_F09_F409_R502	[0, 0, 0, 0, 7]
CoexP1_F09_R506	[0, 0, 0, 0, 4]
CoexP1_F09_F409_R501	[0, 0, 0, 0, 9]
CoexP1_F09_F410_R506	[0, 0, 0, 0, 1]
CoexP1_F09_F409_R507	[0, 0, 0, 0, 1]
CoexP1_F09_F409_R508	[0, 0, 0, 0, 1]
CoexP1_F09_F409_F402	[0, 0, 0, 0, 2]
CoexP1_F09_F409_F408	[0, 0, 0, 0, 1]
CoexP1_F09	[0, 0, 0, 0, 2]
CoexP1_F09_F409_F410	[0, 0, 0, 0, 1]
Total	[12303, 0, 0, 0, 89]
