CoexP2_C10_F410_R503	[11336, 0, 0, 0, 0]
CoexP2_C10_F410	[0, 0, 0, 0, 31]
CoexP2_C10_F410_R504	[0, 0, 0, 0, 8]
CoexP2_C10_F410_R506	[0, 0, 0, 0, 5]
CoexP2_C10_F410_R502	[0, 0, 0, 0, 4]
CoexP2_C10_F401_R506	[0, 0, 0, 0, 1]
CoexP2_C10_R503	[0, 0, 0, 0, 17]
CoexP2_C10_F410_R507	[0, 0, 0, 0, 1]
CoexP2_C10_F410_F410	[0, 0, 0, 0, 4]
CoexP2_C10_F410_R505	[0, 0, 0, 0, 1]
CoexP2_C10_F410_F412	[0, 0, 0, 0, 1]
CoexP2_C10_F410_R508	[0, 0, 0, 0, 3]
CoexP2_C10_F410_F402	[0, 0, 0, 0, 3]
CoexP2_C10_R504	[0, 0, 0, 0, 1]
CoexP2_C10	[0, 0, 0, 0, 3]
CoexP2_C10_F401_R507	[0, 0, 0, 0, 1]
CoexP2_C10_F410_F401	[0, 0, 0, 0, 1]
Total	[11336, 0, 0, 0, 85]
