CoexP2_F08_F408_R506	[12449, 0, 0, 0, 0]
CoexP2_F08_F408	[0, 0, 0, 0, 22]
CoexP2_F08_F408_F408	[0, 0, 0, 0, 11]
CoexP2_F08_F408_R505	[0, 0, 0, 0, 1]
CoexP2_F08_F408_F412	[0, 0, 0, 0, 1]
CoexP2_F08_F408_R508	[0, 0, 0, 0, 1]
CoexP2_F08_R506	[0, 0, 0, 0, 4]
CoexP2_F08_F408_R502	[0, 0, 0, 0, 4]
CoexP2_F08_F408_R504	[0, 0, 0, 0, 1]
CoexP2_F08_F408_R501	[0, 0, 0, 0, 6]
CoexP2_F08_F408_R507	[0, 0, 0, 0, 1]
CoexP2_F08_F408_R503	[0, 0, 0, 0, 1]
CoexP2_F08_F401_R506	[0, 0, 0, 0, 1]
Total	[12449, 0, 0, 0, 54]
