CoexP1_E02_F402_R505	[9246, 0, 0, 0, 0]
CoexP1_E02_F402_R507	[0, 0, 0, 0, 1]
CoexP1_E02_F402_F402	[0, 0, 0, 0, 27]
CoexP1_E02_F402	[0, 0, 0, 0, 20]
CoexP1_E02_R505	[0, 0, 0, 0, 6]
CoexP1_E02_F402_R508	[0, 0, 0, 0, 2]
CoexP1_E02_F402_R506	[0, 0, 0, 0, 6]
CoexP1_E02_F402_F410	[0, 0, 0, 0, 1]
CoexP1_E02_F402_R504	[0, 0, 0, 0, 1]
CoexP1_E02_F402_R502	[0, 0, 0, 0, 2]
CoexP1_E02_F402_R501	[0, 0, 0, 0, 1]
CoexP1_E02_R505_R505	[0, 0, 0, 0, 1]
CoexP1_E02_F408_R505	[0, 0, 0, 0, 1]
CoexP1_E02_F411_R505	[0, 0, 0, 0, 2]
CoexP1_E02_F402_F406	[0, 0, 0, 0, 1]
Total	[9246, 0, 0, 0, 72]
