CoexP1_A01_F401_R501	[11663, 0, 0, 1, 0]
CoexP1_A01_F401_F411	[0, 0, 0, 0, 1]
CoexP1_A01_F401_R504	[0, 0, 0, 0, 1]
CoexP1_A01_F401_F412	[0, 0, 0, 0, 3]
CoexP1_A01_F401	[0, 0, 0, 0, 35]
CoexP1_A01_R501	[0, 0, 0, 0, 25]
CoexP1_A01_F401_R506	[0, 0, 0, 0, 5]
CoexP1_A01_F401_F404	[0, 0, 0, 0, 1]
CoexP1_A01_F401_F409	[0, 0, 0, 0, 1]
CoexP1_A01_F401_F401	[0, 0, 0, 0, 4]
CoexP1_A01_F401_R507	[0, 0, 0, 0, 7]
CoexP1_A01_F401_R502	[0, 0, 0, 0, 5]
CoexP1_A01_F401_R505	[0, 0, 0, 0, 4]
CoexP1_A01_F401_R503	[0, 0, 0, 0, 1]
CoexP1_A01_F404_R501	[0, 0, 0, 0, 1]
CoexP1_A01_F401_F408	[0, 0, 0, 0, 2]
CoexP1_A01_F401_F410	[0, 0, 0, 0, 1]
CoexP1_A01_F401_R508	[0, 0, 0, 0, 2]
Total	[11663, 0, 0, 1, 99]
