CoexP1_A08_F408_R501	[11984, 0, 0, 0, 0]
CoexP1_A08_F408_R507	[0, 0, 0, 0, 6]
CoexP1_A08_F408_F408	[0, 0, 0, 0, 6]
CoexP1_A08_F408	[0, 0, 0, 0, 36]
CoexP1_A08_R501	[0, 0, 0, 0, 6]
CoexP1_A08_F408_R505	[0, 0, 0, 0, 2]
CoexP1_A08_F408_R503	[0, 0, 0, 0, 2]
CoexP1_A08_F408_R502	[0, 0, 0, 0, 3]
CoexP1_A08_F408_R506	[0, 0, 0, 0, 7]
CoexP1_A08_F411_R501	[0, 0, 0, 0, 1]
CoexP1_A08_F408_F410	[0, 0, 0, 0, 2]
CoexP1_A08_F408_R508	[0, 0, 0, 0, 2]
CoexP1_A08_F406_R501	[0, 0, 0, 0, 1]
CoexP1_A08_F408_F412	[0, 0, 0, 0, 1]
CoexP1_A08_F408_F406	[0, 0, 0, 0, 1]
CoexP1_A08_F408_R504	[0, 0, 0, 0, 1]
CoexP1_A08_F408_F401	[0, 0, 0, 0, 2]
CoexP1_A08_F408_F402	[0, 0, 0, 0, 1]
Total	[11984, 0, 0, 0, 80]
