CoexP1_H11_F411_R508	[13494, 0, 0, 0, 0]
CoexP1_H11_F411_F411	[0, 0, 0, 0, 11]
CoexP1_H11_F411	[0, 0, 0, 0, 25]
CoexP1_H11_F411_R506	[0, 0, 0, 0, 2]
CoexP1_H11_R508	[0, 0, 0, 0, 6]
CoexP1_H11_F411_R502	[0, 0, 0, 0, 1]
CoexP1_H11_F411_F412	[0, 0, 0, 0, 1]
CoexP1_H11_F411_F401	[0, 0, 0, 0, 1]
CoexP1_H11_F411_R505	[0, 0, 0, 0, 13]
CoexP1_H11_F411_R507	[0, 0, 0, 0, 2]
CoexP1_H11_F411_R501	[0, 0, 0, 0, 2]
CoexP1_H11_F411_F408	[0, 0, 0, 0, 1]
CoexP1_H11_F409	[0, 0, 0, 0, 1]
Total	[13494, 0, 0, 0, 66]
