CoexP1_F06_F406_R506	[13719, 0, 0, 0, 0]
CoexP1_F06_R506_R506	[0, 0, 0, 0, 3]
CoexP1_F06_F406_F406	[0, 0, 0, 0, 97]
CoexP1_F06_R506	[0, 0, 0, 0, 12]
CoexP1_F06_F406	[0, 0, 0, 0, 28]
CoexP1_F06_F406_R502	[0, 0, 0, 0, 7]
CoexP1_F06_F406_R505	[0, 0, 0, 0, 4]
CoexP1_F06_F406_R501	[0, 0, 0, 0, 4]
CoexP1_F06_F406_R504	[0, 0, 0, 0, 1]
CoexP1_F06_F402_R506	[0, 0, 0, 0, 1]
CoexP1_F06_R505_R506	[0, 0, 0, 0, 3]
CoexP1_F06_F406_R507	[0, 0, 0, 0, 2]
CoexP1_F06_F406_F411	[0, 0, 0, 0, 1]
CoexP1_F06_F406_F404	[0, 0, 0, 0, 1]
Total	[13719, 0, 0, 0, 164]
