CoexP2_E06_F406_R505	[11618, 0, 0, 0, 0]
CoexP2_E06_F406	[0, 0, 0, 0, 18]
CoexP2_E06_R505	[0, 0, 0, 0, 9]
CoexP2_E06_F406_R502	[0, 0, 0, 0, 2]
CoexP2_E06_F404_R505	[0, 0, 0, 0, 2]
CoexP2_E06_F406_R504	[0, 0, 0, 0, 1]
CoexP2_E06_F406_F406	[0, 0, 0, 0, 3]
CoexP2_E06_F408_R505	[0, 0, 0, 0, 1]
CoexP2_E06_F407_R505	[0, 0, 0, 0, 1]
CoexP2_E06_F409_R505	[0, 0, 0, 0, 1]
CoexP2_E06_F410_R505	[0, 0, 0, 0, 1]
CoexP2_E06_F406_R506	[0, 0, 0, 0, 2]
CoexP2_E06_F406_R501	[0, 0, 0, 0, 1]
Total	[11618, 0, 0, 0, 42]
