CoexP1_G02_F402_R507	[13623, 0, 0, 0, 0]
CoexP1_G02_F402_F402	[0, 0, 0, 0, 208]
CoexP1_G02_F402_R502	[0, 0, 0, 0, 11]
CoexP1_G02_R507_R507	[0, 0, 0, 0, 4]
CoexP1_G02_F402	[0, 0, 0, 0, 48]
CoexP1_G02_F402_R501	[0, 0, 0, 0, 6]
CoexP1_G02_F402_R508	[0, 0, 0, 0, 2]
CoexP1_G02_R507	[0, 0, 0, 0, 15]
CoexP1_G02_F402_F401	[0, 0, 0, 0, 1]
CoexP1_G02	[0, 0, 0, 0, 2]
CoexP1_G02_F402_R504	[0, 0, 0, 0, 1]
CoexP1_G02_F402_R505	[0, 0, 0, 0, 1]
CoexP1_G02_F402_R506	[0, 0, 0, 0, 1]
CoexP1_G02_R506	[0, 0, 0, 0, 1]
CoexP1_G02_F411_R507	[0, 0, 0, 0, 2]
CoexP1_G02_F402_F409	[0, 0, 0, 0, 1]
CoexP1_G02_F402_F412	[0, 0, 0, 0, 1]
CoexP1_G02_F406	[0, 0, 0, 0, 1]
Total	[13623, 0, 0, 0, 306]
