CoexP1_C02_F402_R503	[12126, 0, 0, 0, 0]
CoexP1_C02_F402_F402	[0, 0, 0, 0, 12]
CoexP1_C02_F402	[0, 0, 0, 0, 45]
CoexP1_C02	[0, 0, 0, 0, 1]
CoexP1_C02_F402_R504	[0, 0, 0, 0, 8]
CoexP1_C02_R503	[0, 0, 0, 0, 12]
CoexP1_C02_F412_R503	[0, 0, 0, 0, 1]
CoexP1_C02_F401_R503	[0, 0, 0, 0, 1]
CoexP1_C02_F402_R507	[0, 0, 0, 0, 1]
CoexP1_C02_F402_R505	[0, 0, 0, 0, 3]
CoexP1_C02_F401	[0, 0, 0, 0, 1]
CoexP1_C02_F402_R501	[0, 0, 0, 0, 2]
CoexP1_C02_F402_R506	[0, 0, 0, 0, 1]
CoexP1_C02_F402_R508	[0, 0, 0, 0, 1]
CoexP1_C02_F402_F412	[0, 0, 0, 0, 2]
CoexP1_C02_F402_F408	[0, 0, 0, 0, 1]
Total	[12126, 0, 0, 0, 92]
