CoexP1_E08_F408_R505	[13911, 0, 0, 0, 0]
CoexP1_E08_F408	[0, 0, 0, 0, 16]
CoexP1_E08_F408_F401	[0, 0, 0, 0, 2]
CoexP1_E08_R505	[0, 0, 0, 0, 4]
CoexP1_E08_F408_R507	[0, 0, 0, 0, 1]
CoexP1_E08_F408_R504	[0, 0, 0, 0, 1]
CoexP1_E08_F408_R502	[0, 0, 0, 0, 3]
CoexP1_E08_F408_F408	[0, 0, 0, 0, 18]
CoexP1_E08_F408_R506	[0, 0, 0, 0, 5]
CoexP1_E08	[0, 0, 0, 0, 1]
CoexP1_E08_F408_R501	[0, 0, 0, 0, 5]
CoexP1_E08_F408_R508	[0, 0, 0, 0, 1]
CoexP1_E08_F408_F403	[0, 0, 0, 0, 1]
CoexP1_E08_R505_R505	[0, 0, 0, 0, 1]
CoexP1_E08_F408_F406	[0, 0, 0, 0, 1]
Total	[13911, 0, 0, 0, 60]
