CoexP1_E11_F411_R505	[17039, 0, 0, 0, 0]
CoexP1_E11_F411_F411	[0, 0, 0, 0, 25]
CoexP1_E11_R505	[0, 0, 0, 0, 6]
CoexP1_E11_F411	[0, 0, 0, 0, 26]
CoexP1_E11_F411_R506	[0, 0, 0, 0, 8]
CoexP1_E11_F408_R505	[0, 0, 0, 0, 1]
CoexP1_E11_F411_F412	[0, 0, 0, 0, 1]
CoexP1_E11	[0, 0, 0, 0, 1]
CoexP1_E11_F411_R501	[0, 0, 0, 0, 2]
CoexP1_E11_F411_R504	[0, 0, 0, 0, 2]
CoexP1_E11_F411_R508	[0, 0, 0, 0, 1]
CoexP1_E11_F411_F406	[0, 0, 0, 0, 1]
CoexP1_E11_F411_R507	[0, 0, 0, 0, 1]
CoexP1_E11_F411_F408	[0, 0, 0, 0, 1]
CoexP1_E11_F411_R502	[0, 0, 0, 0, 1]
Total	[17039, 0, 0, 0, 77]
