CoexP2_C04_F404_R503	[11744, 0, 0, 0, 0]
CoexP2_C04_F404_F404	[0, 0, 0, 0, 60]
CoexP2_C04_F404	[0, 0, 0, 0, 32]
CoexP2_C04_F404_F412	[0, 0, 0, 0, 3]
CoexP2_C04_F404_R502	[0, 0, 0, 0, 4]
CoexP2_C04_F404_R501	[0, 0, 0, 0, 2]
CoexP2_C04_F404_R504	[0, 0, 0, 0, 15]
CoexP2_C04_F404_F406	[0, 0, 0, 0, 2]
CoexP2_C04_R503	[0, 0, 0, 0, 5]
CoexP2_C04_F404_R507	[0, 0, 0, 0, 4]
CoexP2_C04_R503_R503	[0, 0, 0, 0, 1]
CoexP2_C04_F404_R506	[0, 0, 0, 0, 3]
CoexP2_C04_F404_R508	[0, 0, 0, 0, 4]
CoexP2_C04	[0, 0, 0, 0, 1]
CoexP2_C04_F404_F401	[0, 0, 0, 0, 1]
Total	[11744, 0, 0, 0, 137]
