CoexP2_B02_F402_R502	[11330, 0, 0, 0, 0]
CoexP2_B02_F402_R506	[0, 0, 0, 0, 15]
CoexP2_B02_F402_F402	[0, 0, 0, 0, 26]
CoexP2_B02_F402	[0, 0, 0, 0, 17]
CoexP2_B02_R502	[0, 0, 0, 0, 11]
CoexP2_B02_F402_F412	[0, 0, 0, 0, 2]
CoexP2_B02_F408_R507	[0, 0, 0, 0, 1]
CoexP2_B02_F402_F410	[0, 0, 0, 0, 1]
CoexP2_B02_F402_F408	[0, 0, 0, 0, 1]
CoexP2_B02_R502_R502	[0, 0, 0, 0, 2]
CoexP2_B02_F402_R501	[0, 0, 0, 0, 3]
CoexP2_B02_F402_F401	[0, 0, 0, 0, 1]
CoexP2_B02_F402_R503	[0, 0, 0, 0, 1]
CoexP2_B02_F412_R502	[0, 0, 0, 0, 1]
CoexP2_B02_F402_F411	[0, 0, 0, 0, 1]
CoexP2_B02_F402_R507	[0, 0, 0, 0, 1]
Total	[11330, 0, 0, 0, 84]
