CoexP1_E09_F409_R505	[15898, 0, 0, 0, 0]
CoexP1_E09_F409_F406	[0, 0, 0, 0, 2]
CoexP1_E09_F409	[0, 0, 0, 0, 29]
CoexP1_E09_F409_R502	[0, 0, 0, 0, 4]
CoexP1_E09_F409_F404	[0, 0, 0, 0, 2]
CoexP1_E09_F409_R506	[0, 0, 0, 0, 6]
CoexP1_E09_R505	[0, 0, 0, 0, 2]
CoexP1_E09_F409_F401	[0, 0, 0, 0, 2]
CoexP1_E09_F409_F409	[0, 0, 0, 0, 5]
CoexP1_E09_R505_R505	[0, 0, 0, 0, 4]
CoexP1_E09_F409_R508	[0, 0, 0, 0, 3]
CoexP1_E09_F407_R505	[0, 0, 0, 0, 1]
CoexP1_E09_F409_R501	[0, 0, 0, 0, 1]
CoexP1_E09_F409_R504	[0, 0, 0, 0, 1]
Total	[15898, 0, 0, 0, 62]
