CoexP1_H10_F410_R508	[16911, 0, 0, 0, 0]
CoexP1_H10_F410_F410	[0, 0, 0, 0, 42]
CoexP1_H10_F410	[0, 0, 0, 0, 28]
CoexP1_H10_F410_R505	[0, 0, 0, 0, 8]
CoexP1_H10_R508	[0, 0, 0, 0, 32]
CoexP1_H10_R508_R508	[0, 0, 0, 0, 1]
CoexP1_H10	[0, 0, 0, 0, 2]
CoexP1_H10_F410_R507	[0, 0, 0, 0, 3]
CoexP1_H10_F410_R506	[0, 0, 0, 0, 2]
CoexP1_H10_F402	[0, 0, 0, 0, 1]
CoexP1_H10_F410_R504	[0, 0, 0, 0, 1]
CoexP1_H10_R501	[0, 0, 0, 0, 1]
CoexP1_H10_F410_R501	[0, 0, 0, 0, 3]
CoexP1_H10_F408_R508	[0, 0, 0, 0, 1]
CoexP1_H10_F410_R502	[0, 0, 0, 0, 1]
Total	[16911, 0, 0, 0, 126]
