CoexP2_G02_F402_R507	[11887, 0, 0, 0, 0]
CoexP2_G02_F402_R504	[0, 0, 0, 0, 1]
CoexP2_G02_F402_F402	[0, 0, 0, 0, 12]
CoexP2_G02_R507	[0, 0, 0, 0, 16]
CoexP2_G02_F402	[0, 0, 0, 0, 28]
CoexP2_G02_F402_R508	[0, 0, 0, 0, 1]
CoexP2_G02_F402_R501	[0, 0, 0, 0, 4]
CoexP2_G02_F402_R505	[0, 0, 0, 0, 3]
CoexP2_G02_F402_F401	[0, 0, 0, 0, 1]
CoexP2_G02_F402_R502	[0, 0, 0, 0, 8]
CoexP2_G02_F402_R506	[0, 0, 0, 0, 3]
CoexP2_G02_F412_R507	[0, 0, 0, 0, 1]
CoexP2_G02_F402_F412	[0, 0, 0, 0, 1]
Total	[11887, 0, 0, 0, 79]
