CoexP2_E10_F410_R505	[10710, 0, 0, 0, 0]
CoexP2_E10_F410	[0, 0, 0, 0, 26]
CoexP2_E10_F410_F410	[0, 0, 0, 0, 21]
CoexP2_E10_F410_R506	[0, 0, 0, 0, 6]
CoexP2_E10_R505	[0, 0, 0, 0, 15]
CoexP2_E10_F410_F406	[0, 0, 0, 0, 2]
CoexP2_E10_F410_R502	[0, 0, 0, 0, 2]
CoexP2_E10_F410_R501	[0, 0, 0, 0, 4]
CoexP2_E10_F408_R505	[0, 0, 0, 0, 1]
CoexP2_E10_F410_F401	[0, 0, 0, 0, 1]
CoexP2_E10_R506	[0, 0, 0, 0, 1]
CoexP2_E10_F410_F402	[0, 0, 0, 0, 1]
CoexP2_E10_F412_R505	[0, 0, 0, 0, 1]
Total	[10710, 0, 0, 0, 81]
