CoexP1_B07_F407_R502	[14659, 0, 0, 0, 0]
CoexP1_B07_F407_R508	[0, 0, 0, 0, 1]
CoexP1_B07_F407	[0, 0, 0, 0, 67]
CoexP1_B07_R502	[0, 0, 0, 0, 28]
CoexP1_B07_F406_R502	[0, 0, 0, 0, 1]
CoexP1_B07_F407_R506	[0, 0, 0, 0, 18]
CoexP1_B07_F407_F407	[0, 0, 0, 0, 13]
CoexP1_B07_F407_R507	[0, 0, 0, 0, 12]
CoexP1_B07_F407_R505	[0, 0, 0, 0, 4]
CoexP1_B07_F407_F412	[0, 0, 0, 0, 3]
CoexP1_B07_F407_F409	[0, 0, 0, 0, 1]
CoexP1_B07_F407_R504	[0, 0, 0, 0, 3]
CoexP1_B07_F407_R501	[0, 0, 0, 0, 5]
CoexP1_B07_F407_F402	[0, 0, 0, 0, 2]
CoexP1_B07_F412_R502	[0, 0, 0, 0, 1]
CoexP1_B07_F407_F406	[0, 0, 0, 0, 2]
CoexP1_B07_F409_R502	[0, 0, 0, 0, 1]
CoexP1_B07_F407_F408	[0, 0, 0, 0, 2]
CoexP1_B07_F404_R502	[0, 0, 0, 0, 1]
CoexP1_B07_F407_F411	[0, 0, 0, 0, 1]
CoexP1_B07	[0, 0, 0, 0, 1]
CoexP1_B07_F406	[0, 0, 0, 0, 1]
Total	[14659, 0, 0, 0, 168]
