CoexP2_B05_F405_R502	[10240, 0, 0, 0, 0]
CoexP2_B05_F405_F405	[0, 0, 0, 0, 41]
CoexP2_B05_R502	[0, 0, 0, 0, 9]
CoexP2_B05_F409_R502	[0, 0, 0, 0, 1]
CoexP2_B05_F405	[0, 0, 0, 0, 16]
CoexP2_B05_R502_R502	[0, 0, 0, 0, 1]
CoexP2_B05_F411_R502	[0, 0, 0, 0, 3]
CoexP2_B05_F405_R506	[0, 0, 0, 0, 5]
CoexP2_B05_F405_R507	[0, 0, 0, 0, 5]
CoexP2_B05_F405_F412	[0, 0, 0, 0, 1]
CoexP2_B05_F405_R501	[0, 0, 0, 0, 3]
CoexP2_B05_R501	[0, 0, 0, 0, 1]
CoexP2_B05_F405_R503	[0, 0, 0, 0, 1]
CoexP2_B05_F405_R508	[0, 0, 0, 0, 1]
CoexP2_B05_R502_F405	[0, 0, 0, 0, 1]
Total	[10240, 0, 0, 0, 89]
