CoexP2_H02_F402_R508	[11189, 0, 0, 0, 0]
CoexP2_H02_F402_F401	[0, 0, 0, 0, 1]
CoexP2_H02_F402_F402	[0, 0, 0, 0, 11]
CoexP2_H02_R508	[0, 0, 0, 0, 8]
CoexP2_H02_F402	[0, 0, 0, 0, 23]
CoexP2_H02_F402_R505	[0, 0, 0, 0, 8]
CoexP2_H02_F402_F407	[0, 0, 0, 0, 1]
CoexP2_H02_F407_R508	[0, 0, 0, 0, 1]
CoexP2_H02_F402_R504	[0, 0, 0, 0, 1]
CoexP2_H02_F402_R503	[0, 0, 0, 0, 1]
CoexP2_H02_F411_R508	[0, 0, 0, 0, 1]
CoexP2_H02_F402_R502	[0, 0, 0, 0, 2]
CoexP2_H02_F404_R508	[0, 0, 0, 0, 1]
CoexP2_H02_F408_R508	[0, 0, 0, 0, 1]
Total	[11189, 0, 0, 0, 60]
