CoexP2_D05_F405_R504	[9437, 0, 0, 0, 0]
CoexP2_D05_F405_R506	[0, 0, 0, 0, 7]
CoexP2_D05_F405_R501	[0, 0, 0, 0, 9]
CoexP2_D05_F405	[0, 0, 0, 0, 23]
CoexP2_D05_F408_R504	[0, 0, 0, 0, 1]
CoexP2_D05_F405_F401	[0, 0, 0, 0, 1]
CoexP2_D05_F405_R507	[0, 0, 0, 0, 2]
CoexP2_D05_F405_R505	[0, 0, 0, 0, 6]
CoexP2_D05_F405_F405	[0, 0, 0, 0, 8]
CoexP2_D05_F411_R504	[0, 0, 0, 0, 4]
CoexP2_D05_F405_R508	[0, 0, 0, 0, 2]
CoexP2_D05_R504	[0, 0, 0, 0, 6]
CoexP2_D05_F405_R503	[0, 0, 0, 0, 2]
CoexP2_D05_F402_R503	[0, 0, 0, 0, 1]
CoexP2_D05_R504_R504	[0, 0, 0, 0, 1]
CoexP2_D05_F409_R504	[0, 0, 0, 0, 1]
CoexP2_D05_F405_F404	[0, 0, 0, 0, 1]
Total	[9437, 0, 0, 0, 75]
