CoexP1_F12_F412_R506	[12965, 0, 0, 0, 0]
CoexP1_F12_F412_R502	[0, 0, 0, 0, 6]
CoexP1_F12_F412	[0, 0, 0, 0, 17]
CoexP1_F12_F412_F412	[0, 0, 0, 0, 20]
CoexP1_F12_R506	[0, 0, 0, 0, 11]
CoexP1_F12_F412_R501	[0, 0, 0, 0, 4]
CoexP1_F12_F412_R504	[0, 0, 0, 0, 2]
CoexP1_F12_F412_R507	[0, 0, 0, 0, 5]
CoexP1_F12	[0, 0, 0, 0, 1]
CoexP1_F12_F406_R506	[0, 0, 0, 0, 2]
CoexP1_F12_F401_R506	[0, 0, 0, 0, 2]
CoexP1_F12_F412_R505	[0, 0, 0, 0, 1]
CoexP1_F12_R506_R506	[0, 0, 0, 0, 1]
CoexP1_F12_F412_R503	[0, 0, 0, 0, 1]
CoexP1_F12_F410_R506	[0, 0, 0, 0, 1]
Total	[12965, 0, 0, 0, 74]
