CoexP1_C12_F412_R503	[15924, 0, 0, 0, 0]
CoexP1_C12_F412_F412	[0, 0, 0, 0, 97]
CoexP1_C12_F412	[0, 0, 0, 0, 46]
CoexP1_C12_F412_F406	[0, 0, 0, 0, 2]
CoexP1_C12_F412_R502	[0, 0, 0, 0, 5]
CoexP1_C12_F412_R504	[0, 0, 0, 0, 16]
CoexP1_C12_F412_R508	[0, 0, 0, 0, 5]
CoexP1_C12_F401_R503	[0, 0, 0, 0, 2]
CoexP1_C12_F412_R501	[0, 0, 0, 0, 7]
CoexP1_C12_F412_R506	[0, 0, 0, 0, 3]
CoexP1_C12_R503	[0, 0, 0, 0, 12]
CoexP1_C12_F410_R503	[0, 0, 0, 0, 4]
CoexP1_C12_F412_R507	[0, 0, 0, 0, 3]
CoexP1_C12_F408_R503	[0, 0, 0, 0, 1]
CoexP1_C12_F410_F410	[0, 0, 0, 0, 1]
CoexP1_C12_F412_R505	[0, 0, 0, 0, 2]
CoexP1_C12_F412_F401	[0, 0, 0, 0, 1]
Total	[15924, 0, 0, 0, 207]
