CoexP1_D11_F411_R504	[12797, 0, 0, 0, 0]
CoexP1_D11_F411_R501	[0, 0, 0, 0, 2]
CoexP1_D11_F411_R505	[0, 0, 0, 0, 5]
CoexP1_D11_F411_F411	[0, 0, 0, 0, 13]
CoexP1_D11_R504	[0, 0, 0, 0, 6]
CoexP1_D11_F407_R504	[0, 0, 0, 0, 1]
CoexP1_D11_F411	[0, 0, 0, 0, 14]
CoexP1_D11_F403_R504	[0, 0, 0, 0, 1]
CoexP1_D11_F411_R502	[0, 0, 0, 0, 2]
CoexP1_D11_F411_R506	[0, 0, 0, 0, 1]
CoexP1_D11_F409_R503	[0, 0, 0, 0, 1]
CoexP1_D11_F405_R504	[0, 0, 0, 0, 1]
CoexP1_D11_F411_F402	[0, 0, 0, 0, 1]
Total	[12797, 0, 0, 0, 48]
