CoexP2_C02_F402_R503	[12046, 0, 0, 0, 0]
CoexP2_C02_F402_R505	[0, 0, 0, 0, 2]
CoexP2_C02_F402	[0, 0, 0, 0, 26]
CoexP2_C02_R503	[0, 0, 0, 0, 9]
CoexP2_C02_F402_R508	[0, 0, 0, 0, 3]
CoexP2_C02_F402_R504	[0, 0, 0, 0, 10]
CoexP2_C02_F402_F402	[0, 0, 0, 0, 28]
CoexP2_C02_F402_F412	[0, 0, 0, 0, 1]
CoexP2_C02_F402_R506	[0, 0, 0, 0, 2]
CoexP2_C02_F402_R502	[0, 0, 0, 0, 1]
CoexP2_C02_F402_R507	[0, 0, 0, 0, 2]
CoexP2_C02_F402_R501	[0, 0, 0, 0, 1]
CoexP2_C02_F405_R503	[0, 0, 0, 0, 2]
CoexP2_C02	[0, 0, 0, 0, 2]
CoexP2_C02_F411_R503	[0, 0, 0, 0, 1]
Total	[12046, 0, 0, 0, 90]
