CoexP2_H07_F407_R508	[12419, 0, 0, 0, 0]
CoexP2_H07_F407	[0, 0, 0, 0, 22]
CoexP2_H07_F407_F407	[0, 0, 0, 0, 2]
CoexP2_H07_F407_F412	[0, 0, 0, 0, 1]
CoexP2_H07_F409_R508	[0, 0, 0, 0, 3]
CoexP2_H07_R508	[0, 0, 0, 0, 5]
CoexP2_H07_F408_R508	[0, 0, 0, 0, 1]
CoexP2_H07_F407_F409	[0, 0, 0, 0, 1]
CoexP2_H07_F407_R504	[0, 0, 0, 0, 1]
CoexP2_H07_F407_R507	[0, 0, 0, 0, 1]
CoexP2_H07_F407_R505	[0, 0, 0, 0, 2]
CoexP2_H07_F407_R501	[0, 0, 0, 0, 2]
CoexP2_H07_F407_R502	[0, 0, 0, 0, 2]
CoexP2_H07_F407_F406	[0, 0, 0, 0, 1]
CoexP2_H07	[0, 0, 0, 0, 1]
Total	[12419, 0, 0, 0, 45]
