CoexP2_D11_F411_R504	[5385, 0, 0, 0, 0]
CoexP2_D11_R504	[0, 0, 0, 0, 4]
CoexP2_D11_F411_R506	[0, 0, 0, 0, 2]
CoexP2_D11_F411_R505	[0, 0, 0, 0, 3]
CoexP2_D11_F411_R501	[0, 0, 0, 0, 2]
CoexP2_D11_F404_R504	[0, 0, 0, 0, 1]
CoexP2_D11_F411_F411	[0, 0, 0, 0, 9]
CoexP2_D11_F411	[0, 0, 0, 0, 6]
CoexP2_D11_F411_R508	[0, 0, 0, 0, 1]
CoexP2_D11_F408_R504	[0, 0, 0, 0, 1]
CoexP2_D11_F411_R503	[0, 0, 0, 0, 1]
CoexP2_D11_F411_R502	[0, 0, 0, 0, 1]
CoexP2_D11_F411_F404	[0, 0, 0, 0, 2]
CoexP2_D11_F406	[0, 0, 0, 0, 1]
Total	[5385, 0, 0, 0, 34]
