CoexP1_D04_F404_R504	[6973, 0, 0, 0, 0]
CoexP1_D04_F404_F404	[0, 0, 0, 0, 39]
CoexP1_D04_F404_R501	[0, 0, 0, 0, 3]
CoexP1_D04_F404	[0, 0, 0, 0, 13]
CoexP1_D04	[0, 0, 0, 0, 1]
CoexP1_D04_F404_F402	[0, 0, 0, 0, 1]
CoexP1_D04_R504	[0, 0, 0, 0, 3]
CoexP1_D04_F404_R505	[0, 0, 0, 0, 2]
CoexP1_D04_F404_R506	[0, 0, 0, 0, 3]
CoexP1_D04_F408_R504	[0, 0, 0, 0, 1]
CoexP1_D04_F404_R503	[0, 0, 0, 0, 2]
CoexP1_D04_F404_R507	[0, 0, 0, 0, 1]
CoexP1_D04_F407	[0, 0, 0, 0, 1]
CoexP1_D04_R504_R504	[0, 0, 0, 0, 1]
CoexP1_D04_F404_F408	[0, 0, 0, 0, 1]
Total	[6973, 0, 0, 0, 72]
