CoexP2_B06_F406_R502	[11378, 0, 0, 0, 0]
CoexP2_B06_F406_F406	[0, 0, 0, 0, 66]
CoexP2_B06_F406_R506	[0, 0, 0, 0, 9]
CoexP2_B06_F406	[0, 0, 0, 0, 28]
CoexP2_B06_R502	[0, 0, 0, 0, 12]
CoexP2_B06_R505_R502	[0, 0, 0, 0, 4]
CoexP2_B06_F406_R507	[0, 0, 0, 0, 4]
CoexP2_B06_F407_R502	[0, 0, 0, 0, 1]
CoexP2_B06_R502_F406	[0, 0, 0, 0, 1]
CoexP2_B06_F408_R502	[0, 0, 0, 0, 1]
CoexP2_B06_F409_R502	[0, 0, 0, 0, 1]
CoexP2_B06_R502_R502	[0, 0, 0, 0, 1]
CoexP2_B06_F408_R507	[0, 0, 0, 0, 1]
CoexP2_B06_F406_R503	[0, 0, 0, 0, 1]
CoexP2_B06_F406_F409	[0, 0, 0, 0, 1]
CoexP2_B06_F406_F411	[0, 0, 0, 0, 1]
CoexP2_B06_F409_F409	[0, 0, 0, 0, 1]
CoexP2_B06_F406_F412	[0, 0, 0, 0, 1]
CoexP2_B06_F406_F404	[0, 0, 0, 0, 1]
CoexP2_B06_F406_R504	[0, 0, 0, 0, 1]
Total	[11378, 0, 0, 0, 136]
