CoexP2_A07_F407_R501	[11568, 0, 0, 0, 0]
CoexP2_A07_F407_F407	[0, 0, 0, 0, 128]
CoexP2_A07_F407	[0, 0, 0, 0, 19]
CoexP2_A07_F407_F408	[0, 0, 0, 0, 1]
CoexP2_A07_F407_R505	[0, 0, 0, 0, 3]
CoexP2_A07_F407_R508	[0, 0, 0, 0, 1]
CoexP2_A07_F407_R507	[0, 0, 0, 0, 3]
CoexP2_A07_R501	[0, 0, 0, 0, 6]
CoexP2_A07_F407_F409	[0, 0, 0, 0, 1]
CoexP2_A07_F407_F406	[0, 0, 0, 0, 3]
CoexP2_A07_F411_R505	[0, 0, 0, 0, 1]
CoexP2_A07_F407_R503	[0, 0, 0, 0, 1]
CoexP2_A07_F407_R502	[0, 0, 0, 0, 1]
CoexP2_A07	[0, 0, 0, 0, 1]
CoexP2_A07_F407_F411	[0, 0, 0, 0, 1]
Total	[11568, 0, 0, 0, 170]
