CoexP2_C06_F406_R503	[12109, 0, 0, 0, 0]
CoexP2_C06_F406	[0, 0, 0, 0, 30]
CoexP2_C06_R503	[0, 0, 0, 0, 23]
CoexP2_C06_F406_F406	[0, 0, 0, 0, 11]
CoexP2_C06_F406_R505	[0, 0, 0, 0, 2]
CoexP2_C06_F406_R508	[0, 0, 0, 0, 4]
CoexP2_C06_F412_R503	[0, 0, 0, 0, 1]
CoexP2_C06_F406_R504	[0, 0, 0, 0, 11]
CoexP2_C06_F406_F410	[0, 0, 0, 0, 2]
CoexP2_C06_F406_R501	[0, 0, 0, 0, 1]
CoexP2_C06_F408_R503	[0, 0, 0, 0, 1]
CoexP2_C06_F405_R503	[0, 0, 0, 0, 2]
CoexP2_C06_F405_R501	[0, 0, 0, 0, 1]
CoexP2_C06_F401_R503	[0, 0, 0, 0, 1]
CoexP2_C06_F406_F412	[0, 0, 0, 0, 1]
CoexP2_C06_F406_F402	[0, 0, 0, 0, 1]
CoexP2_C06_F406_R502	[0, 0, 0, 0, 1]
CoexP2_C06_F406_R506	[0, 0, 0, 0, 1]
CoexP2_C06_F408_R504	[0, 0, 0, 0, 1]
Total	[12109, 0, 0, 0, 95]
