CoexP1_A07_F407_R501	[10902, 0, 0, 0, 0]
CoexP1_A07_F407_F404	[0, 0, 0, 0, 1]
CoexP1_A07_F407	[0, 0, 0, 0, 25]
CoexP1_A07_F407_F410	[0, 0, 0, 0, 2]
CoexP1_A07_F403_R501	[0, 0, 0, 0, 1]
CoexP1_A07_R501	[0, 0, 0, 0, 8]
CoexP1_A07_F407_R507	[0, 0, 0, 0, 3]
CoexP1_A07_F407_R503	[0, 0, 0, 0, 1]
CoexP1_A07_F407_R502	[0, 0, 0, 0, 2]
CoexP1_A07_F407_R504	[0, 0, 0, 0, 2]
CoexP1_A07_F407_R506	[0, 0, 0, 0, 3]
CoexP1_A07_F407_F408	[0, 0, 0, 0, 2]
CoexP1_A07_F409_R501	[0, 0, 0, 0, 1]
CoexP1_A07_F407_F412	[0, 0, 0, 0, 2]
CoexP1_A07_F407_R505	[0, 0, 0, 0, 2]
Total	[10902, 0, 0, 0, 55]
