CoexP1_B10_F410_R502	[17044, 0, 0, 0, 0]
CoexP1_B10_F410_R507	[0, 0, 0, 0, 16]
CoexP1_B10_F410	[0, 0, 0, 0, 56]
CoexP1_B10_R502	[0, 0, 0, 0, 44]
CoexP1_B10_F410_R501	[0, 0, 0, 0, 5]
CoexP1_B10_F410_R504	[0, 0, 0, 0, 3]
CoexP1_B10_F410_F410	[0, 0, 0, 0, 30]
CoexP1_B10_F410_R506	[0, 0, 0, 0, 21]
CoexP1_B10_F410_F402	[0, 0, 0, 0, 1]
CoexP1_B10_F409_R507	[0, 0, 0, 0, 1]
CoexP1_B10_F410_F406	[0, 0, 0, 0, 1]
CoexP1_B10_F410_R508	[0, 0, 0, 0, 1]
CoexP1_B10_R507	[0, 0, 0, 0, 1]
CoexP1_B10_F410_F412	[0, 0, 0, 0, 1]
CoexP1_B10_F410_R503	[0, 0, 0, 0, 3]
CoexP1_B10_F410_F408	[0, 0, 0, 0, 2]
CoexP1_B10_F410_F401	[0, 0, 0, 0, 1]
CoexP1_B10_F410_R505	[0, 0, 0, 0, 2]
CoexP1_B10_F410_F404	[0, 0, 0, 0, 1]
CoexP1_B10_F410_F405	[0, 0, 0, 0, 1]
CoexP1_B10_F404_F404	[0, 0, 0, 0, 1]
Total	[17044, 0, 0, 0, 192]
