CoexP1_B03_F403_R502	[13326, 0, 0, 0, 0]
CoexP1_B03_F403	[0, 0, 0, 0, 51]
CoexP1_B03_R502	[0, 0, 0, 0, 10]
CoexP1_B03_F403_F411	[0, 0, 0, 0, 1]
CoexP1_B03_F403_F404	[0, 0, 0, 0, 3]
CoexP1_B03_F403_F403	[0, 0, 0, 0, 23]
CoexP1_B03_F403_F409	[0, 0, 0, 0, 1]
CoexP1_B03_F403_R507	[0, 0, 0, 0, 11]
CoexP1_B03_R505_R502	[0, 0, 0, 0, 4]
CoexP1_B03_F403_R506	[0, 0, 0, 0, 11]
CoexP1_B03_F403_R508	[0, 0, 0, 0, 3]
CoexP1_B03_F403_F407	[0, 0, 0, 0, 2]
CoexP1_B03_F403_R505	[0, 0, 0, 0, 2]
CoexP1_B03_F410_R506	[0, 0, 0, 0, 1]
CoexP1_B03_F403_R501	[0, 0, 0, 0, 4]
CoexP1_B03_F403_F408	[0, 0, 0, 0, 1]
CoexP1_B03_F403_F406	[0, 0, 0, 0, 1]
CoexP1_B03_F403_R503	[0, 0, 0, 0, 1]
CoexP1_B03_F403_F401	[0, 0, 0, 0, 1]
CoexP1_B03_F403_F402	[0, 0, 0, 0, 1]
Total	[13326, 0, 0, 0, 132]
