CoexP1_B02_F402_R502	[13797, 0, 0, 0, 0]
CoexP1_B02_F402_F402	[0, 0, 0, 0, 72]
CoexP1_B02_F402	[0, 0, 0, 0, 58]
CoexP1_B02_F402_R504	[0, 0, 0, 0, 1]
CoexP1_B02_F402_R501	[0, 0, 0, 0, 7]
CoexP1_B02_R502	[0, 0, 0, 0, 32]
CoexP1_B02_F402_R506	[0, 0, 0, 0, 17]
CoexP1_B02_F412_R502	[0, 0, 0, 0, 1]
CoexP1_B02_F402_R507	[0, 0, 0, 0, 14]
CoexP1_B02_F402_R508	[0, 0, 0, 0, 5]
CoexP1_B02_F402_R503	[0, 0, 0, 0, 3]
CoexP1_B02_F411_R502	[0, 0, 0, 0, 6]
CoexP1_B02_R502_R502	[0, 0, 0, 0, 2]
CoexP1_B02_F405_R502	[0, 0, 0, 0, 1]
CoexP1_B02_F401_R502	[0, 0, 0, 0, 2]
CoexP1_B02_F402_R505	[0, 0, 0, 0, 1]
CoexP1_B02_F402_F410	[0, 0, 0, 0, 1]
CoexP1_B02_F402_F406	[0, 0, 0, 0, 2]
CoexP1_B02_F402_F407	[0, 0, 0, 0, 1]
CoexP1_B02_F403_R502	[0, 0, 0, 0, 1]
Total	[13797, 0, 0, 0, 227]
