CoexP1_D02_F402_R504	[14254, 0, 0, 0, 0]
CoexP1_D02_F409_R502	[0, 0, 0, 0, 1]
CoexP1_D02_F402	[0, 0, 0, 0, 41]
CoexP1_D02_F401_R504	[0, 0, 0, 0, 1]
CoexP1_D02_R504	[0, 0, 0, 0, 15]
CoexP1_D02_F402_R501	[0, 0, 0, 0, 16]
CoexP1_D02_F402_F402	[0, 0, 0, 0, 22]
CoexP1_D02_F411_R504	[0, 0, 0, 0, 2]
CoexP1_D02_F402_R506	[0, 0, 0, 0, 9]
CoexP1_D02_F402_R502	[0, 0, 0, 0, 1]
CoexP1_D02_F402_R505	[0, 0, 0, 0, 3]
CoexP1_D02_F402_R503	[0, 0, 0, 0, 2]
CoexP1_D02_F402_F412	[0, 0, 0, 0, 2]
CoexP1_D02_F402_R507	[0, 0, 0, 0, 1]
CoexP1_D02_F402_R508	[0, 0, 0, 0, 1]
CoexP1_D02	[0, 0, 0, 0, 1]
CoexP1_D02_F402_F408	[0, 0, 0, 0, 1]
CoexP1_D02_F409_R504	[0, 0, 0, 0, 1]
CoexP1_D02_F402_F404	[0, 0, 0, 0, 2]
Total	[14254, 0, 0, 0, 122]
