CoexP1_C01_F401_R503	[14291, 0, 0, 0, 0]
CoexP1_C01_F401_R505	[0, 0, 0, 0, 3]
CoexP1_C01_F401	[0, 0, 0, 0, 42]
CoexP1_C01_F401_R504	[0, 0, 0, 0, 19]
CoexP1_C01_F401_R502	[0, 0, 0, 0, 6]
CoexP1_C01_F401_R508	[0, 0, 0, 0, 5]
CoexP1_C01_F401_R501	[0, 0, 0, 0, 6]
CoexP1_C01_R503	[0, 0, 0, 0, 15]
CoexP1_C01_F409_R503	[0, 0, 0, 0, 1]
CoexP1_C01_F401_F401	[0, 0, 0, 0, 6]
CoexP1_C01_F401_R506	[0, 0, 0, 0, 5]
CoexP1_C01_F410_R503	[0, 0, 0, 0, 3]
CoexP1_C01_F401_R507	[0, 0, 0, 0, 2]
CoexP1_C01_F401_F408	[0, 0, 0, 0, 1]
CoexP1_C01_F408_R503	[0, 0, 0, 0, 1]
CoexP1_C01_F401_F412	[0, 0, 0, 0, 2]
CoexP1_C01	[0, 0, 0, 0, 3]
CoexP1_C01_F401_F409	[0, 0, 0, 0, 1]
Total	[14291, 0, 0, 0, 121]
