CoexP2_A04_F404_R501	[10827, 0, 0, 0, 0]
CoexP2_A04_F404_F404	[0, 0, 0, 0, 353]
CoexP2_A04_F404_R503	[0, 0, 0, 0, 1]
CoexP2_A04_F404_R507	[0, 0, 0, 0, 5]
CoexP2_A04_F404_F403	[0, 0, 0, 0, 1]
CoexP2_A04_F404	[0, 0, 0, 0, 24]
CoexP2_A04_F404_F412	[0, 0, 0, 0, 1]
CoexP2_A04_F404_R508	[0, 0, 0, 0, 2]
CoexP2_A04_F404_R504	[0, 0, 0, 0, 1]
CoexP2_A04_F402_R501	[0, 0, 0, 0, 1]
CoexP2_A04_F404_R506	[0, 0, 0, 0, 2]
CoexP2_A04_R501	[0, 0, 0, 0, 2]
CoexP2_A04	[0, 0, 0, 0, 4]
CoexP2_A04_F404_F408	[0, 0, 0, 0, 1]
CoexP2_A04_R501_R501	[0, 0, 0, 0, 3]
CoexP2_A04_F404_R505	[0, 0, 0, 0, 1]
CoexP2_A04_R501_F404	[0, 0, 0, 0, 1]
CoexP2_A04_F404_F406	[0, 0, 0, 0, 1]
CoexP2_A04_F404_F402	[0, 0, 0, 0, 1]
Total	[10827, 0, 0, 0, 405]
