CoexP1_B11_F411_R502	[14363, 0, 0, 1, 0]
CoexP1_B11_R502	[0, 0, 0, 0, 33]
CoexP1_B11_F411	[0, 0, 0, 0, 70]
CoexP1_B11_F411_R506	[0, 0, 0, 0, 18]
CoexP1_B11_F406_R502	[0, 0, 0, 0, 1]
CoexP1_B11_F411_F411	[0, 0, 0, 0, 78]
CoexP1_B11_F411_F404	[0, 0, 0, 0, 1]
CoexP1_B11_F411_F408	[0, 0, 0, 0, 2]
CoexP1_B11_R502_R502	[0, 0, 0, 0, 2]
CoexP1_B11_F411_R507	[0, 0, 0, 0, 8]
CoexP1_B11_F411_R503	[0, 0, 0, 0, 3]
CoexP1_B11_F411_R504	[0, 0, 0, 0, 2]
CoexP1_B11_F411_F410	[0, 0, 0, 0, 1]
CoexP1_B11_F411_R508	[0, 0, 0, 0, 2]
CoexP1_B11_F411_R505	[0, 0, 0, 0, 5]
CoexP1_B11_F411_R501	[0, 0, 0, 0, 5]
CoexP1_B11_F405_R502	[0, 0, 0, 0, 1]
CoexP1_B11_F411_F412	[0, 0, 0, 0, 1]
CoexP1_B11_F411_F409	[0, 0, 0, 0, 1]
CoexP1_B11	[0, 0, 0, 0, 1]
CoexP1_B11_F411_F401	[0, 0, 0, 0, 1]
Total	[14363, 0, 0, 1, 236]
