CoexP1_B12_F412_R502	[14955, 0, 0, 0, 0]
CoexP1_B12_F412_F412	[0, 0, 0, 0, 77]
CoexP1_B12_F412_R506	[0, 0, 0, 0, 18]
CoexP1_B12_F412	[0, 0, 0, 0, 31]
CoexP1_B12_R502	[0, 0, 0, 0, 17]
CoexP1_B12_F412_R507	[0, 0, 0, 0, 15]
CoexP1_B12_F401_R502	[0, 0, 0, 0, 4]
CoexP1_B12_F402_R502	[0, 0, 0, 0, 1]
CoexP1_B12_F412_R501	[0, 0, 0, 0, 5]
CoexP1_B12_F412_R503	[0, 0, 0, 0, 1]
CoexP1_B12_F406_R502	[0, 0, 0, 0, 1]
CoexP1_B12_F401	[0, 0, 0, 0, 1]
CoexP1_B12_F410_R502	[0, 0, 0, 0, 6]
Total	[14955, 0, 0, 0, 177]
