CoexP2_F11_F411_R506	[10781, 0, 0, 0, 0]
CoexP2_F11_F411	[0, 0, 0, 0, 25]
CoexP2_F11_F411_F411	[0, 0, 0, 0, 132]
CoexP2_F11_F411_R505	[0, 0, 0, 0, 3]
CoexP2_F11_F411_R502	[0, 0, 0, 0, 5]
CoexP2_F11_F411_R508	[0, 0, 0, 0, 1]
CoexP2_F11_F411_R507	[0, 0, 0, 0, 3]
CoexP2_F11_R506	[0, 0, 0, 0, 5]
CoexP2_F11_F411_R504	[0, 0, 0, 0, 1]
CoexP2_F11_F411_R501	[0, 0, 0, 0, 2]
CoexP2_F11_F411_F402	[0, 0, 0, 0, 1]
CoexP2_F11_R507	[0, 0, 0, 0, 1]
CoexP2_F11_F411_F405	[0, 0, 0, 0, 1]
Total	[10781, 0, 0, 0, 180]
