CoexP1_H03_F403_R508	[16135, 0, 0, 0, 0]
CoexP1_H03_F403_F403	[0, 0, 0, 0, 75]
CoexP1_H03_F403	[0, 0, 0, 0, 27]
CoexP1_H03_R505_R508	[0, 0, 0, 0, 2]
CoexP1_H03_F403_R505	[0, 0, 0, 0, 9]
CoexP1_H03_F403_R504	[0, 0, 0, 0, 1]
CoexP1_H03_R508	[0, 0, 0, 0, 7]
CoexP1_H03_F403_R501	[0, 0, 0, 0, 5]
CoexP1_H03_F403_R502	[0, 0, 0, 0, 2]
CoexP1_H03_F403_R507	[0, 0, 0, 0, 1]
CoexP1_H03_R508_R508	[0, 0, 0, 0, 1]
CoexP1_H03_F403_F412	[0, 0, 0, 0, 2]
CoexP1_H03_F403_F409	[0, 0, 0, 0, 1]
CoexP1_H03_F403_F406	[0, 0, 0, 0, 1]
Total	[16135, 0, 0, 0, 134]
