CoexP1_F10_F410_R506	[17271, 0, 0, 0, 0]
CoexP1_F10_F410	[0, 0, 0, 0, 25]
CoexP1_F10_R506	[0, 0, 0, 0, 19]
CoexP1_F10_F410_F410	[0, 0, 0, 0, 2]
CoexP1_F10_F410_R501	[0, 0, 0, 0, 10]
CoexP1_F10_F410_R502	[0, 0, 0, 0, 7]
CoexP1_F10_F401_R506	[0, 0, 0, 0, 1]
CoexP1_F10_F410_F412	[0, 0, 0, 0, 2]
CoexP1_F10_F410_R507	[0, 0, 0, 0, 1]
CoexP1_F10_F412_R506	[0, 0, 0, 0, 1]
CoexP1_F10_R503_R506	[0, 0, 0, 0, 2]
CoexP1_F10_F402_R506	[0, 0, 0, 0, 1]
CoexP1_F10_F408_R506	[0, 0, 0, 0, 1]
CoexP1_F10_F410_F404	[0, 0, 0, 0, 1]
CoexP1_F10_F410_R508	[0, 0, 0, 0, 1]
CoexP1_F10_F406_R506	[0, 0, 0, 0, 1]
Total	[17271, 0, 0, 0, 75]
