CoexP1_A11_F411_R501	[12191, 0, 0, 0, 0]
CoexP1_A11_F411_F411	[0, 0, 0, 0, 11]
CoexP1_A11_F411	[0, 0, 0, 0, 26]
CoexP1_A11_F411_R507	[0, 0, 0, 0, 4]
CoexP1_A11_F411_F408	[0, 0, 0, 0, 1]
CoexP1_A11_F411_R502	[0, 0, 0, 0, 5]
CoexP1_A11_F411_F412	[0, 0, 0, 0, 1]
CoexP1_A11_R501	[0, 0, 0, 0, 6]
CoexP1_A11_F411_R504	[0, 0, 0, 0, 1]
CoexP1_A11_F411_R505	[0, 0, 0, 0, 2]
CoexP1_A11_F411_R506	[0, 0, 0, 0, 3]
CoexP1_A11	[0, 0, 0, 0, 1]
CoexP1_A11_F411_F407	[0, 0, 0, 0, 1]
CoexP1_A11_F411_R503	[0, 0, 0, 0, 1]
CoexP1_A11_F411_F410	[0, 0, 0, 0, 1]
Total	[12191, 0, 0, 0, 64]
