CoexP2_B07_F407_R502	[11596, 0, 0, 0, 0]
CoexP2_B07_R502	[0, 0, 0, 0, 7]
CoexP2_B07_F411_R502	[0, 0, 0, 0, 1]
CoexP2_B07_F407_F412	[0, 0, 0, 0, 1]
CoexP2_B07_F407_F407	[0, 0, 0, 0, 51]
CoexP2_B07_F407_R507	[0, 0, 0, 0, 10]
CoexP2_B07_F407_R503	[0, 0, 0, 0, 1]
CoexP2_B07_F407	[0, 0, 0, 0, 18]
CoexP2_B07_R502_R502	[0, 0, 0, 0, 1]
CoexP2_B07_F407_R505	[0, 0, 0, 0, 1]
CoexP2_B07_F407_F411	[0, 0, 0, 0, 1]
CoexP2_B07_F404_R506	[0, 0, 0, 0, 1]
CoexP2_B07_F407_R506	[0, 0, 0, 0, 11]
CoexP2_B07_F407_R501	[0, 0, 0, 0, 3]
CoexP2_B07_F407_F405	[0, 0, 0, 0, 1]
CoexP2_B07_F407_R508	[0, 0, 0, 0, 1]
CoexP2_B07_F407_F406	[0, 0, 0, 0, 1]
CoexP2_B07_F406_R502	[0, 0, 0, 0, 1]
Total	[11596, 0, 0, 0, 111]
