CoexP1_B01_F401_R502	[13531, 0, 0, 0, 0]
CoexP1_B01_F401_R504	[0, 0, 0, 0, 4]
CoexP1_B01_F401_R507	[0, 0, 0, 0, 13]
CoexP1_B01_F401_R506	[0, 0, 0, 0, 26]
CoexP1_B01_F401	[0, 0, 0, 0, 55]
CoexP1_B01_F401_F401	[0, 0, 0, 0, 63]
CoexP1_B01_R502	[0, 0, 0, 0, 33]
CoexP1_B01_F401_R503	[0, 0, 0, 0, 1]
CoexP1_B01_F402_R502	[0, 0, 0, 0, 3]
CoexP1_B01_F401_R501	[0, 0, 0, 0, 6]
CoexP1_B01_F401_R508	[0, 0, 0, 0, 2]
CoexP1_B01_F410_R502	[0, 0, 0, 0, 3]
CoexP1_B01_F401_R505	[0, 0, 0, 0, 4]
CoexP1_B01_F401_F412	[0, 0, 0, 0, 3]
CoexP1_B01_F405_R502	[0, 0, 0, 0, 1]
CoexP1_B01_F401_F408	[0, 0, 0, 0, 2]
CoexP1_B01_R502_R502	[0, 0, 0, 0, 4]
CoexP1_B01_F406_R507	[0, 0, 0, 0, 1]
CoexP1_B01_F409_R502	[0, 0, 0, 0, 1]
CoexP1_B01_F401_F406	[0, 0, 0, 0, 1]
CoexP1_B01_F404_R502	[0, 0, 0, 0, 1]
CoexP1_B01_F401_F409	[0, 0, 0, 0, 1]
Total	[13531, 0, 0, 0, 228]
