CoexP2_G01_F401_R507	[11605, 0, 0, 0, 0]
CoexP2_G01_F401	[0, 0, 0, 0, 24]
CoexP2_G01_F401_F401	[0, 0, 0, 0, 12]
CoexP2_G01_F405	[0, 0, 0, 0, 1]
CoexP2_G01_R505	[0, 0, 0, 0, 1]
CoexP2_G01_F401_R501	[0, 0, 0, 0, 7]
CoexP2_G01_R507	[0, 0, 0, 0, 13]
CoexP2_G01_F401_R504	[0, 0, 0, 0, 1]
CoexP2_G01_F407_R507	[0, 0, 0, 0, 1]
CoexP2_G01_F401_R502	[0, 0, 0, 0, 9]
CoexP2_G01_F403_R507	[0, 0, 0, 0, 1]
CoexP2_G01	[0, 0, 0, 0, 2]
CoexP2_G01_F401_F408	[0, 0, 0, 0, 1]
CoexP2_G01_F409_R507	[0, 0, 0, 0, 1]
CoexP2_G01_F401_R506	[0, 0, 0, 0, 1]
Total	[11605, 0, 0, 0, 75]
