CoexP1_E10_F410_R505	[14561, 0, 0, 0, 0]
CoexP1_E10_R505	[0, 0, 0, 0, 18]
CoexP1_E10_F410_R502	[0, 0, 0, 0, 5]
CoexP1_E10_F410_F410	[0, 0, 0, 0, 9]
CoexP1_E10_F410	[0, 0, 0, 0, 15]
CoexP1_E10_F410_R506	[0, 0, 0, 0, 4]
CoexP1_E10_F410_R501	[0, 0, 0, 0, 5]
CoexP1_E10	[0, 0, 0, 0, 1]
CoexP1_E10_F410_R508	[0, 0, 0, 0, 3]
CoexP1_E10_F408_R505	[0, 0, 0, 0, 1]
CoexP1_E10_F406_R505	[0, 0, 0, 0, 1]
CoexP1_E10_F410_R504	[0, 0, 0, 0, 2]
CoexP1_E10_F410_F409	[0, 0, 0, 0, 1]
CoexP1_E10_F410_F408	[0, 0, 0, 0, 1]
CoexP1_E10_F409_R505	[0, 0, 0, 0, 2]
CoexP1_E10_F410_R507	[0, 0, 0, 0, 1]
Total	[14561, 0, 0, 0, 69]
