CoexP2_F09_F409_R506	[12348, 0, 0, 0, 0]
CoexP2_F09_F409	[0, 0, 0, 0, 25]
CoexP2_F09_F411_R506	[0, 0, 0, 0, 1]
CoexP2_F09_R506	[0, 0, 0, 0, 4]
CoexP2_F09_F409_F409	[0, 0, 0, 0, 14]
CoexP2_F09_F409_R502	[0, 0, 0, 0, 7]
CoexP2_F09_F409_R505	[0, 0, 0, 0, 3]
CoexP2_F09_F409_R503	[0, 0, 0, 0, 1]
CoexP2_F09_F409_R507	[0, 0, 0, 0, 1]
CoexP2_F09_F409_R501	[0, 0, 0, 0, 2]
CoexP2_F09_F409_F412	[0, 0, 0, 0, 2]
CoexP2_F09_F409_R504	[0, 0, 0, 0, 2]
CoexP2_F09_F409_F404	[0, 0, 0, 0, 1]
CoexP2_F09	[0, 0, 0, 0, 1]
CoexP2_F09_F409_F401	[0, 0, 0, 0, 1]
Total	[12348, 0, 0, 0, 65]
